# x1 y1 z1 x2 y2 z2 (after adjust)
0.0000 4284.0000 0.0000 0.0000 4475.9000 0.0000
204.0933 87.0000 0.0000 -102.0467 87.0000 -176.7500
-102.0467 87.0000 -176.7500 -102.0467 87.0000 176.7500
-102.0467 87.0000 176.7500 204.0933 87.0000 0.0000
0.0000 4475.9000 0.0000 2800.0000 4475.9000 0.0000
-102.0467 102.0000 -176.7500 -102.0467 392.0000 176.7500
-102.0467 0.0000 176.7500 -102.0467 87.0000 176.7500
-102.0467 102.0000 176.7500 204.0933 392.0000 0.0000
204.0933 102.0000 0.0000 -102.0467 392.0000 -176.7500
-102.0467 407.0000 -176.7500 204.0933 407.0000 0.0000
204.0933 407.0000 0.0000 -102.0467 407.0000 176.7500
-102.0467 407.0000 176.7500 -102.0467 407.0000 -176.7500
-102.0467 422.0000 -176.7500 204.0933 712.0000 0.0000
204.0933 422.0000 0.0000 -102.0467 712.0000 176.7500
-102.0467 422.0000 176.7500 -102.0467 712.0000 -176.7500
-102.0467 727.0000 176.7500 -102.0467 727.0000 -176.7500
204.0933 727.0000 0.0000 -102.0467 727.0000 -176.7500
204.0933 727.0000 0.0000 -102.0467 727.0000 176.7500
-102.0467 1537.0000 176.7500 -102.0467 1537.0000 -176.7500
204.0933 1217.0000 0.0000 -102.0467 1217.0000 176.7500
-102.0467 912.0000 -176.7500 -102.0467 1202.0000 176.7500
-102.0467 897.0000 -176.7500 -102.0467 897.0000 176.7500
-102.0467 87.0000 176.7500 -102.0467 102.0000 176.7500
204.0933 912.0000 0.0000 -102.0467 1202.0000 -176.7500
-102.0467 1232.0000 -176.7500 204.0933 1522.0000 0.0000
204.0933 1537.0000 0.0000 -102.0467 1537.0000 176.7500
-102.0467 1217.0000 -176.7500 204.0933 1217.0000 0.0000
204.0933 1537.0000 0.0000 -102.0467 1537.0000 -176.7500
-102.0467 1217.0000 176.7500 -102.0467 1217.0000 -176.7500
204.0933 1232.0000 0.0000 -102.0467 1522.0000 176.7500
204.0933 897.0000 0.0000 -102.0467 897.0000 -176.7500
-102.0467 897.0000 176.7500 204.0933 897.0000 0.0000
-102.0467 912.0000 176.7500 204.0933 1202.0000 0.0000
-102.0467 1232.0000 176.7500 -102.0467 1522.0000 -176.7500
-102.0467 2042.0000 -176.7500 204.0933 2332.0000 0.0000
204.0933 2027.0000 0.0000 -102.0467 2027.0000 176.7500
-102.0467 392.0000 176.7500 -102.0467 102.0000 176.7500
-102.0467 2027.0000 176.7500 -102.0467 2027.0000 -176.7500
204.0933 2347.0000 0.0000 -102.0467 2347.0000 -176.7500
-102.0467 1722.0000 176.7500 204.0933 2012.0000 0.0000
-102.0467 2027.0000 -176.7500 204.0933 2027.0000 0.0000
-102.0467 1707.0000 -176.7500 -102.0467 1707.0000 176.7500
-102.0467 1707.0000 176.7500 204.0933 1707.0000 0.0000
-102.0467 2347.0000 176.7500 -102.0467 2347.0000 -176.7500
204.0933 2347.0000 0.0000 -102.0467 2347.0000 176.7500
204.0933 2042.0000 0.0000 -102.0467 2332.0000 176.7500
-102.0467 1722.0000 -176.7500 -102.0467 2012.0000 176.7500
204.0933 1722.0000 0.0000 -102.0467 2012.0000 -176.7500
-102.0467 2042.0000 176.7500 -102.0467 2332.0000 -176.7500
204.0933 1707.0000 0.0000 -102.0467 1707.0000 -176.7500
204.0933 2517.0000 0.0000 -102.0467 2517.0000 -176.7500
-102.0467 2532.0000 -176.7500 -102.0467 2822.0000 176.7500
-102.0467 3157.0000 176.7500 -102.0467 3157.0000 -176.7500
-102.0467 2852.0000 176.7500 -102.0467 3142.0000 -176.7500
-102.0467 2837.0000 176.7500 -102.0467 2837.0000 -176.7500
204.0933 2532.0000 0.0000 -102.0467 2822.0000 -176.7500
-102.0467 392.0000 176.7500 -102.0467 407.0000 176.7500
204.0933 3157.0000 0.0000 -102.0467 3157.0000 176.7500
-102.0467 2837.0000 -176.7500 204.0933 2837.0000 0.0000
-102.0467 2532.0000 176.7500 204.0933 2822.0000 0.0000
204.0933 2852.0000 0.0000 -102.0467 3142.0000 176.7500
-102.0467 2852.0000 -176.7500 204.0933 3142.0000 0.0000
204.0933 3157.0000 0.0000 -102.0467 3157.0000 -176.7500
-102.0467 2517.0000 -176.7500 -102.0467 2517.0000 176.7500
-102.0467 2517.0000 176.7500 204.0933 2517.0000 0.0000
204.0933 2837.0000 0.0000 -102.0467 2837.0000 176.7500
-102.0467 3327.0000 -176.7500 -102.0467 3327.0000 176.7500
-102.0467 3342.0000 -176.7500 -102.0467 3632.0000 176.7500
204.0933 3342.0000 0.0000 -102.0467 3632.0000 -176.7500
-102.0467 3662.0000 -176.7500 204.0933 3952.0000 0.0000
204.0933 3647.0000 0.0000 -102.0467 3647.0000 176.7500
204.0933 3662.0000 0.0000 -102.0467 3952.0000 176.7500
-102.0467 407.0000 176.7500 -102.0467 422.0000 176.7500
204.0933 3967.0000 0.0000 -102.0467 3967.0000 -176.7500
204.0933 3967.0000 0.0000 -102.0467 3967.0000 176.7500
-102.0467 3342.0000 176.7500 204.0933 3632.0000 0.0000
-102.0467 3967.0000 176.7500 -102.0467 3967.0000 -176.7500
-102.0467 3647.0000 176.7500 -102.0467 3647.0000 -176.7500
-102.0467 3647.0000 -176.7500 204.0933 3647.0000 0.0000
-102.0467 3662.0000 176.7500 -102.0467 3952.0000 -176.7500
204.0933 3327.0000 0.0000 -102.0467 3327.0000 -176.7500
-102.0467 3327.0000 176.7500 204.0933 3327.0000 0.0000
204.0933 4059.6578 0.0000 204.0933 4080.2768 0.0000
204.0933 4080.2768 0.0000 119.7631 4284.0000 0.0000
-102.0467 4059.6578 176.7500 -102.0467 4080.2768 176.7500
-102.0467 4080.2768 176.7500 -59.8815 4284.0000 103.7179
-102.0467 4059.6578 -176.7500 -102.0467 4080.2768 -176.7500
-102.0467 4080.2768 -176.7500 -59.8815 4284.0000 -103.7179
-102.0467 4080.2768 -176.7500 -102.0467 4080.2768 176.7500
204.0933 4080.2768 0.0000 -102.0467 4080.2768 -176.7500
-102.0467 4080.2768 176.7500 204.0933 4080.2768 0.0000
119.7631 4284.0000 0.0000 -59.8815 4284.0000 -103.7179
-59.8815 4284.0000 103.7179 119.7631 4284.0000 0.0000
-59.8815 4284.0000 -103.7179 -59.8815 4284.0000 103.7179
204.0933 4080.2768 0.0000 0.0000 4080.2768 0.0000
0.0000 4080.2768 0.0000 -102.0467 4080.2768 -176.7500
-102.0467 4080.2768 176.7500 0.0000 4080.2768 0.0000
119.7631 4284.0000 0.0000 0.0000 4284.0000 0.0000
0.0000 4284.0000 0.0000 -59.8815 4284.0000 -103.7179
0.0000 4284.0000 0.0000 -59.8815 4284.0000 103.7179
0.0000 4080.2768 0.0000 0.0000 4284.0000 0.0000
-102.0467 4080.2768 176.7500 119.7631 4284.0000 0.0000
204.0933 4080.2768 0.0000 -59.8815 4284.0000 -103.7179
-102.0467 4080.2768 -176.7500 -59.8815 4284.0000 103.7179
-102.0467 422.0000 176.7500 -102.0467 712.0000 176.7500
-102.0467 712.0000 176.7500 -102.0467 727.0000 176.7500
-102.0467 727.0000 176.7500 -102.0467 897.0000 176.7500
-102.0467 897.0000 176.7500 -102.0467 912.0000 176.7500
-102.0467 912.0000 176.7500 -102.0467 1202.0000 176.7500
-102.0467 1202.0000 176.7500 -102.0467 1217.0000 176.7500
-102.0467 1232.0000 176.7500 -102.0467 1217.0000 176.7500
-102.0467 1232.0000 176.7500 -102.0467 1522.0000 176.7500
-102.0467 1537.0000 176.7500 -102.0467 1522.0000 176.7500
-102.0467 1537.0000 176.7500 -102.0467 1707.0000 176.7500
-102.0467 1722.0000 176.7500 -102.0467 1707.0000 176.7500
-102.0467 1722.0000 176.7500 -102.0467 2012.0000 176.7500
-102.0467 2012.0000 176.7500 -102.0467 2027.0000 176.7500
-102.0467 2027.0000 176.7500 -102.0467 2042.0000 176.7500
-102.0467 2332.0000 176.7500 -102.0467 2042.0000 176.7500
-102.0467 2332.0000 176.7500 -102.0467 2347.0000 176.7500
-102.0467 2347.0000 176.7500 -102.0467 2517.0000 176.7500
-102.0467 2517.0000 176.7500 -102.0467 2532.0000 176.7500
-102.0467 2532.0000 176.7500 -102.0467 2822.0000 176.7500
-102.0467 2822.0000 176.7500 -102.0467 2837.0000 176.7500
-102.0467 2837.0000 176.7500 -102.0467 2852.0000 176.7500
-102.0467 2852.0000 176.7500 -102.0467 3142.0000 176.7500
-102.0467 3142.0000 176.7500 -102.0467 3157.0000 176.7500
-102.0467 3327.0000 176.7500 -102.0467 3157.0000 176.7500
-102.0467 3342.0000 176.7500 -102.0467 3327.0000 176.7500
-102.0467 3342.0000 176.7500 -102.0467 3632.0000 176.7500
-102.0467 3632.0000 176.7500 -102.0467 3647.0000 176.7500
-102.0467 3647.0000 176.7500 -102.0467 3662.0000 176.7500
-102.0467 3662.0000 176.7500 -102.0467 3952.0000 176.7500
-102.0467 3952.0000 176.7500 -102.0467 3967.0000 176.7500
-102.0467 3967.0000 176.7500 -102.0467 4059.6578 176.7500
204.0933 4059.6578 0.0000 204.0933 3967.0000 0.0000
204.0933 3967.0000 0.0000 204.0933 3952.0000 0.0000
204.0933 3952.0000 0.0000 204.0933 3662.0000 0.0000
204.0933 3662.0000 0.0000 204.0933 3647.0000 0.0000
204.0933 3632.0000 0.0000 204.0933 3647.0000 0.0000
-102.0467 4059.6578 -176.7500 -102.0467 3967.0000 -176.7500
-102.0467 3967.0000 -176.7500 -102.0467 3952.0000 -176.7500
-102.0467 3952.0000 -176.7500 -102.0467 3662.0000 -176.7500
-102.0467 3647.0000 -176.7500 -102.0467 3662.0000 -176.7500
-102.0467 3632.0000 -176.7500 -102.0467 3647.0000 -176.7500
-102.0467 3632.0000 -176.7500 -102.0467 3342.0000 -176.7500
-102.0467 3342.0000 -176.7500 -102.0467 3327.0000 -176.7500
-102.0467 3327.0000 -176.7500 -102.0467 3157.0000 -176.7500
-102.0467 3157.0000 -176.7500 -102.0467 3142.0000 -176.7500
-102.0467 3142.0000 -176.7500 -102.0467 2852.0000 -176.7500
-102.0467 2837.0000 -176.7500 -102.0467 2852.0000 -176.7500
-102.0467 2822.0000 -176.7500 -102.0467 2837.0000 -176.7500
-102.0467 2822.0000 -176.7500 -102.0467 2532.0000 -176.7500
-102.0467 2532.0000 -176.7500 -102.0467 2517.0000 -176.7500
-102.0467 2517.0000 -176.7500 -102.0467 2347.0000 -176.7500
-102.0467 2347.0000 -176.7500 -102.0467 2332.0000 -176.7500
-102.0467 2332.0000 -176.7500 -102.0467 2042.0000 -176.7500
-102.0467 2042.0000 -176.7500 -102.0467 2027.0000 -176.7500
-102.0467 2027.0000 -176.7500 -102.0467 2012.0000 -176.7500
204.0933 2042.0000 0.0000 204.0933 2027.0000 0.0000
204.0933 2027.0000 0.0000 204.0933 2012.0000 0.0000
204.0933 2012.0000 0.0000 204.0933 1722.0000 0.0000
204.0933 1722.0000 0.0000 204.0933 1707.0000 0.0000
-102.0467 2012.0000 -176.7500 -102.0467 1722.0000 -176.7500
-102.0467 1722.0000 -176.7500 -102.0467 1707.0000 -176.7500
-102.0467 1707.0000 -176.7500 -102.0467 1537.0000 -176.7500
-102.0467 1537.0000 -176.7500 -102.0467 1522.0000 -176.7500
204.0933 1522.0000 0.0000 204.0933 1537.0000 0.0000
204.0933 1537.0000 0.0000 204.0933 1707.0000 0.0000
204.0933 1522.0000 0.0000 204.0933 1232.0000 0.0000
204.0933 1232.0000 0.0000 204.0933 1217.0000 0.0000
204.0933 1217.0000 0.0000 204.0933 1202.0000 0.0000
-102.0467 1202.0000 -176.7500 -102.0467 1217.0000 -176.7500
-102.0467 1217.0000 -176.7500 -102.0467 1232.0000 -176.7500
-102.0467 1232.0000 -176.7500 -102.0467 1522.0000 -176.7500
-102.0467 1202.0000 -176.7500 -102.0467 912.0000 -176.7500
-102.0467 912.0000 -176.7500 -102.0467 897.0000 -176.7500
204.0933 1202.0000 0.0000 204.0933 912.0000 0.0000
204.0933 912.0000 0.0000 204.0933 897.0000 0.0000
204.0933 897.0000 0.0000 204.0933 727.0000 0.0000
204.0933 727.0000 0.0000 204.0933 712.0000 0.0000
-102.0467 897.0000 -176.7500 -102.0467 727.0000 -176.7500
-102.0467 727.0000 -176.7500 -102.0467 712.0000 -176.7500
-102.0467 712.0000 -176.7500 -102.0467 422.0000 -176.7500
-102.0467 422.0000 -176.7500 -102.0467 407.0000 -176.7500
-102.0467 407.0000 -176.7500 -102.0467 392.0000 -176.7500
204.0933 712.0000 0.0000 204.0933 422.0000 0.0000
204.0933 422.0000 0.0000 204.0933 407.0000 0.0000
204.0933 407.0000 0.0000 204.0933 392.0000 0.0000
204.0933 392.0000 0.0000 204.0933 102.0000 0.0000
204.0933 102.0000 0.0000 204.0933 87.0000 0.0000
-102.0467 392.0000 -176.7500 -102.0467 102.0000 -176.7500
-102.0467 102.0000 -176.7500 -102.0467 87.0000 -176.7500
-102.0467 0.0000 -176.7500 -102.0467 87.0000 -176.7500
204.0933 87.0000 0.0000 204.0933 0.0000 0.0000
204.0933 2042.0000 0.0000 204.0933 2332.0000 0.0000
204.0933 2347.0000 0.0000 204.0933 2332.0000 0.0000
204.0933 2347.0000 0.0000 204.0933 2517.0000 0.0000
204.0933 2517.0000 0.0000 204.0933 2532.0000 0.0000
204.0933 2822.0000 0.0000 204.0933 2532.0000 0.0000
204.0933 2852.0000 0.0000 204.0933 2837.0000 0.0000
204.0933 2837.0000 0.0000 204.0933 2822.0000 0.0000
204.0933 2852.0000 0.0000 204.0933 3142.0000 0.0000
204.0933 3142.0000 0.0000 204.0933 3157.0000 0.0000
204.0933 3157.0000 0.0000 204.0933 3327.0000 0.0000
204.0933 3327.0000 0.0000 204.0933 3342.0000 0.0000
204.0933 3342.0000 0.0000 204.0933 3632.0000 0.0000
