================================================================================
OPTIMIZATION LOG
================================================================================
Run start date/time : 2026-05-20 11:24:21
Log file            : Optimization_Logs\optimization_log_2026-05-20_11-24-21.txt
Objective CSV       : Optimization_Logs\objective_history_2026-05-20_11-24-21.csv

Initial design variables:
x0 = [202.07,  76.1 ,  76.1 ,  76.1 ,  76.1 ,  76.1 ,   3.  ,   3.  ,   3.  ,
   3.  ,   3.  ,  26.9 ,  26.9 ,  26.9 ,  26.9 ,  26.9 ,   2.3 ,   2.3 ,
   2.3 ,   2.3 ,   2.3 ,  26.9 ,  26.9 ,  26.9 ,  26.9 ,  26.9 ,   2.3 ,
   2.3 ,   2.3 ,   2.3 ,   2.3 ]

Bounds:
  x[0] in [150.0, 350.0]
  x[1] in [48.3, 114.3]
  x[2] in [48.3, 114.3]
  x[3] in [48.3, 114.3]
  x[4] in [48.3, 114.3]
  x[5] in [48.3, 114.3]
  x[6] in [2.5, 5.0]
  x[7] in [2.5, 5.0]
  x[8] in [2.5, 5.0]
  x[9] in [2.5, 5.0]
  x[10] in [2.5, 5.0]
  x[11] in [10, 50.0]
  x[12] in [10, 50.0]
  x[13] in [10, 50.0]
  x[14] in [10, 50.0]
  x[15] in [10, 50.0]
  x[16] in [1.0, 4.0]
  x[17] in [1.0, 4.0]
  x[18] in [1.0, 4.0]
  x[19] in [1.0, 4.0]
  x[20] in [1.0, 4.0]
  x[21] in [10, 50.0]
  x[22] in [10, 50.0]
  x[23] in [10, 50.0]
  x[24] in [10, 50.0]
  x[25] in [10, 50.0]
  x[26] in [1.0, 4.0]
  x[27] in [1.0, 4.0]
  x[28] in [1.0, 4.0]
  x[29] in [1.0, 4.0]
  x[30] in [1.0, 4.0]

Optimizer settings:
  Method  : Self-Written-slp_mvp
  algorithm: merit
  acc     : 0.001
  xtol    : 0.001
  gtol    : 0.001
  finite_diff_abs_step: [2.0207, 0.761, 0.761, 0.761, 0.761, 0.761, 0.03, 0.03, 0.03, 0.03, 0.03, 0.269, 0.269, 0.269, 0.269, 0.269, 0.023, 0.023, 0.023, 0.023, 0.023, 0.269, 0.269, 0.269, 0.269, 0.269, 0.023, 0.023, 0.023, 0.023, 0.023]
  maxiter : 1000
  max_fun_evals: 1000
  Aggregate: None
  p_value : 8
  rho_value: 100
  relaxation: 0
  move_limit: 0.1
  move_limit_expand: 1.1
  move_limit_shrink: 0.5
  penalty_weight: 0.1
  max_infeasibility: inf

================================================================================

[EVALUATION 1]
  Date/time : 2026-05-20 11:24:28
  x         : [202.07, 76.10, 76.10, 76.10, 76.10, 76.10, 3.00, 3.00, 3.00, 3.00, 3.00, 26.90, 26.90, 26.90, 26.90, 26.90, 2.30, 2.30, 2.30, 2.30, 2.30, 26.90, 26.90, 26.90, 26.90, 26.90, 2.30, 2.30, 2.30, 2.30, 2.30]
  Objective : 106.788

[ITERATION 1]
  Date/time : 2026-05-20 11:24:29
  x         : [202.07,  76.1 ,  76.1 ,  76.1 ,  76.1 ,  76.1 ,   3.  ,   3.  ,   3.  ,
   3.  ,   3.  ,  26.9 ,  26.9 ,  26.9 ,  26.9 ,  26.9 ,   2.3 ,   2.3 ,
   2.3 ,   2.3 ,   2.3 ,  26.9 ,  26.9 ,  26.9 ,  26.9 ,  26.9 ,   2.3 ,
   2.3 ,   2.3 ,   2.3 ,   2.3 ]

Util_LB     Column:    0.035  Brace:    0.002
Util_NF     Column:    0.500  Brace:    0.190
Util_S      Column:    0.028  Brace:    0.009
Util_T      Column:    0.024  Brace:    0.036
Util_BR     Column:    0.565  Brace:    0.259
Util_IN     Column:    0.658  Brace:    0.333
Util_BS_sig  Column:    N/A    Brace:    0.279
Util_BS_defl  Column:    N/A    Brace:    0.069
[EVALUATION 2]
  Date/time : 2026-05-20 11:24:33
  x         : [204.09, 76.10, 76.10, 76.10, 76.10, 76.10, 3.00, 3.00, 3.00, 3.00, 3.00, 26.90, 26.90, 26.90, 26.90, 26.90, 2.30, 2.30, 2.30, 2.30, 2.30, 26.90, 26.90, 26.90, 26.90, 26.90, 2.30, 2.30, 2.30, 2.30, 2.30]
  Objective : 107.120

[EVALUATION 3]
  Date/time : 2026-05-20 11:24:38
  x         : [202.07, 76.86, 76.10, 76.10, 76.10, 76.10, 3.00, 3.00, 3.00, 3.00, 3.00, 26.90, 26.90, 26.90, 26.90, 26.90, 2.30, 2.30, 2.30, 2.30, 2.30, 26.90, 26.90, 26.90, 26.90, 26.90, 2.30, 2.30, 2.30, 2.30, 2.30]
  Objective : 106.925

[EVALUATION 4]
  Date/time : 2026-05-20 11:24:43
  x         : [202.07, 76.10, 76.86, 76.10, 76.10, 76.10, 3.00, 3.00, 3.00, 3.00, 3.00, 26.90, 26.90, 26.90, 26.90, 26.90, 2.30, 2.30, 2.30, 2.30, 2.30, 26.90, 26.90, 26.90, 26.90, 26.90, 2.30, 2.30, 2.30, 2.30, 2.30]
  Objective : 106.924

[EVALUATION 5]
  Date/time : 2026-05-20 11:24:48
  x         : [202.07, 76.10, 76.10, 76.86, 76.10, 76.10, 3.00, 3.00, 3.00, 3.00, 3.00, 26.90, 26.90, 26.90, 26.90, 26.90, 2.30, 2.30, 2.30, 2.30, 2.30, 26.90, 26.90, 26.90, 26.90, 26.90, 2.30, 2.30, 2.30, 2.30, 2.30]
  Objective : 106.924

[EVALUATION 6]
  Date/time : 2026-05-20 11:24:52
  x         : [202.07, 76.10, 76.10, 76.10, 76.86, 76.10, 3.00, 3.00, 3.00, 3.00, 3.00, 26.90, 26.90, 26.90, 26.90, 26.90, 2.30, 2.30, 2.30, 2.30, 2.30, 26.90, 26.90, 26.90, 26.90, 26.90, 2.30, 2.30, 2.30, 2.30, 2.30]
  Objective : 106.924

[EVALUATION 7]
  Date/time : 2026-05-20 11:24:57
  x         : [202.07, 76.10, 76.10, 76.10, 76.10, 76.86, 3.00, 3.00, 3.00, 3.00, 3.00, 26.90, 26.90, 26.90, 26.90, 26.90, 2.30, 2.30, 2.30, 2.30, 2.30, 26.90, 26.90, 26.90, 26.90, 26.90, 2.30, 2.30, 2.30, 2.30, 2.30]
  Objective : 106.926

[EVALUATION 8]
  Date/time : 2026-05-20 11:25:02
  x         : [202.07, 76.10, 76.10, 76.10, 76.10, 76.10, 3.03, 3.00, 3.00, 3.00, 3.00, 26.90, 26.90, 26.90, 26.90, 26.90, 2.30, 2.30, 2.30, 2.30, 2.30, 26.90, 26.90, 26.90, 26.90, 26.90, 2.30, 2.30, 2.30, 2.30, 2.30]
  Objective : 106.914

[EVALUATION 9]
  Date/time : 2026-05-20 11:25:07
  x         : [202.07, 76.10, 76.10, 76.10, 76.10, 76.10, 3.00, 3.03, 3.00, 3.00, 3.00, 26.90, 26.90, 26.90, 26.90, 26.90, 2.30, 2.30, 2.30, 2.30, 2.30, 26.90, 26.90, 26.90, 26.90, 26.90, 2.30, 2.30, 2.30, 2.30, 2.30]
  Objective : 106.914

[EVALUATION 10]
  Date/time : 2026-05-20 11:25:12
  x         : [202.07, 76.10, 76.10, 76.10, 76.10, 76.10, 3.00, 3.00, 3.03, 3.00, 3.00, 26.90, 26.90, 26.90, 26.90, 26.90, 2.30, 2.30, 2.30, 2.30, 2.30, 26.90, 26.90, 26.90, 26.90, 26.90, 2.30, 2.30, 2.30, 2.30, 2.30]
  Objective : 106.914

[EVALUATION 11]
  Date/time : 2026-05-20 11:25:17
  x         : [202.07, 76.10, 76.10, 76.10, 76.10, 76.10, 3.00, 3.00, 3.00, 3.03, 3.00, 26.90, 26.90, 26.90, 26.90, 26.90, 2.30, 2.30, 2.30, 2.30, 2.30, 26.90, 26.90, 26.90, 26.90, 26.90, 2.30, 2.30, 2.30, 2.30, 2.30]
  Objective : 106.914

[EVALUATION 12]
  Date/time : 2026-05-20 11:25:22
  x         : [202.07, 76.10, 76.10, 76.10, 76.10, 76.10, 3.00, 3.00, 3.00, 3.00, 3.03, 26.90, 26.90, 26.90, 26.90, 26.90, 2.30, 2.30, 2.30, 2.30, 2.30, 26.90, 26.90, 26.90, 26.90, 26.90, 2.30, 2.30, 2.30, 2.30, 2.30]
  Objective : 106.915

[EVALUATION 13]
  Date/time : 2026-05-20 11:25:27
  x         : [202.07, 76.10, 76.10, 76.10, 76.10, 76.10, 3.00, 3.00, 3.00, 3.00, 3.00, 27.17, 26.90, 26.90, 26.90, 26.90, 2.30, 2.30, 2.30, 2.30, 2.30, 26.90, 26.90, 26.90, 26.90, 26.90, 2.30, 2.30, 2.30, 2.30, 2.30]
  Objective : 106.836

[EVALUATION 14]
  Date/time : 2026-05-20 11:25:32
  x         : [202.07, 76.10, 76.10, 76.10, 76.10, 76.10, 3.00, 3.00, 3.00, 3.00, 3.00, 26.90, 27.17, 26.90, 26.90, 26.90, 2.30, 2.30, 2.30, 2.30, 2.30, 26.90, 26.90, 26.90, 26.90, 26.90, 2.30, 2.30, 2.30, 2.30, 2.30]
  Objective : 106.836

[EVALUATION 15]
  Date/time : 2026-05-20 11:25:37
  x         : [202.07, 76.10, 76.10, 76.10, 76.10, 76.10, 3.00, 3.00, 3.00, 3.00, 3.00, 26.90, 26.90, 27.17, 26.90, 26.90, 2.30, 2.30, 2.30, 2.30, 2.30, 26.90, 26.90, 26.90, 26.90, 26.90, 2.30, 2.30, 2.30, 2.30, 2.30]
  Objective : 106.836

[EVALUATION 16]
  Date/time : 2026-05-20 11:25:42
  x         : [202.07, 76.10, 76.10, 76.10, 76.10, 76.10, 3.00, 3.00, 3.00, 3.00, 3.00, 26.90, 26.90, 26.90, 27.17, 26.90, 2.30, 2.30, 2.30, 2.30, 2.30, 26.90, 26.90, 26.90, 26.90, 26.90, 2.30, 2.30, 2.30, 2.30, 2.30]
  Objective : 106.836

[EVALUATION 17]
  Date/time : 2026-05-20 11:25:47
  x         : [202.07, 76.10, 76.10, 76.10, 76.10, 76.10, 3.00, 3.00, 3.00, 3.00, 3.00, 26.90, 26.90, 26.90, 26.90, 27.17, 2.30, 2.30, 2.30, 2.30, 2.30, 26.90, 26.90, 26.90, 26.90, 26.90, 2.30, 2.30, 2.30, 2.30, 2.30]
  Objective : 106.836

[EVALUATION 18]
  Date/time : 2026-05-20 11:25:52
  x         : [202.07, 76.10, 76.10, 76.10, 76.10, 76.10, 3.00, 3.00, 3.00, 3.00, 3.00, 26.90, 26.90, 26.90, 26.90, 26.90, 2.32, 2.30, 2.30, 2.30, 2.30, 26.90, 26.90, 26.90, 26.90, 26.90, 2.30, 2.30, 2.30, 2.30, 2.30]
  Objective : 106.827

[EVALUATION 19]
  Date/time : 2026-05-20 11:25:57
  x         : [202.07, 76.10, 76.10, 76.10, 76.10, 76.10, 3.00, 3.00, 3.00, 3.00, 3.00, 26.90, 26.90, 26.90, 26.90, 26.90, 2.30, 2.32, 2.30, 2.30, 2.30, 26.90, 26.90, 26.90, 26.90, 26.90, 2.30, 2.30, 2.30, 2.30, 2.30]
  Objective : 106.827

[EVALUATION 20]
  Date/time : 2026-05-20 11:26:02
  x         : [202.07, 76.10, 76.10, 76.10, 76.10, 76.10, 3.00, 3.00, 3.00, 3.00, 3.00, 26.90, 26.90, 26.90, 26.90, 26.90, 2.30, 2.30, 2.32, 2.30, 2.30, 26.90, 26.90, 26.90, 26.90, 26.90, 2.30, 2.30, 2.30, 2.30, 2.30]
  Objective : 106.827

[EVALUATION 21]
  Date/time : 2026-05-20 11:26:07
  x         : [202.07, 76.10, 76.10, 76.10, 76.10, 76.10, 3.00, 3.00, 3.00, 3.00, 3.00, 26.90, 26.90, 26.90, 26.90, 26.90, 2.30, 2.30, 2.30, 2.32, 2.30, 26.90, 26.90, 26.90, 26.90, 26.90, 2.30, 2.30, 2.30, 2.30, 2.30]
  Objective : 106.827

[EVALUATION 22]
  Date/time : 2026-05-20 11:26:12
  x         : [202.07, 76.10, 76.10, 76.10, 76.10, 76.10, 3.00, 3.00, 3.00, 3.00, 3.00, 26.90, 26.90, 26.90, 26.90, 26.90, 2.30, 2.30, 2.30, 2.30, 2.32, 26.90, 26.90, 26.90, 26.90, 26.90, 2.30, 2.30, 2.30, 2.30, 2.30]
  Objective : 106.827

[EVALUATION 23]
  Date/time : 2026-05-20 11:26:17
  x         : [202.07, 76.10, 76.10, 76.10, 76.10, 76.10, 3.00, 3.00, 3.00, 3.00, 3.00, 26.90, 26.90, 26.90, 26.90, 26.90, 2.30, 2.30, 2.30, 2.30, 2.30, 27.17, 26.90, 26.90, 26.90, 26.90, 2.30, 2.30, 2.30, 2.30, 2.30]
  Objective : 106.829

[EVALUATION 24]
  Date/time : 2026-05-20 11:26:22
  x         : [202.07, 76.10, 76.10, 76.10, 76.10, 76.10, 3.00, 3.00, 3.00, 3.00, 3.00, 26.90, 26.90, 26.90, 26.90, 26.90, 2.30, 2.30, 2.30, 2.30, 2.30, 26.90, 27.17, 26.90, 26.90, 26.90, 2.30, 2.30, 2.30, 2.30, 2.30]
  Objective : 106.829

[EVALUATION 25]
  Date/time : 2026-05-20 11:26:27
  x         : [202.07, 76.10, 76.10, 76.10, 76.10, 76.10, 3.00, 3.00, 3.00, 3.00, 3.00, 26.90, 26.90, 26.90, 26.90, 26.90, 2.30, 2.30, 2.30, 2.30, 2.30, 26.90, 26.90, 27.17, 26.90, 26.90, 2.30, 2.30, 2.30, 2.30, 2.30]
  Objective : 106.829

[EVALUATION 26]
  Date/time : 2026-05-20 11:26:33
  x         : [202.07, 76.10, 76.10, 76.10, 76.10, 76.10, 3.00, 3.00, 3.00, 3.00, 3.00, 26.90, 26.90, 26.90, 26.90, 26.90, 2.30, 2.30, 2.30, 2.30, 2.30, 26.90, 26.90, 26.90, 27.17, 26.90, 2.30, 2.30, 2.30, 2.30, 2.30]
  Objective : 106.829

[EVALUATION 27]
  Date/time : 2026-05-20 11:26:38
  x         : [202.07, 76.10, 76.10, 76.10, 76.10, 76.10, 3.00, 3.00, 3.00, 3.00, 3.00, 26.90, 26.90, 26.90, 26.90, 26.90, 2.30, 2.30, 2.30, 2.30, 2.30, 26.90, 26.90, 26.90, 26.90, 27.17, 2.30, 2.30, 2.30, 2.30, 2.30]
  Objective : 106.829

[EVALUATION 28]
  Date/time : 2026-05-20 11:26:43
  x         : [202.07, 76.10, 76.10, 76.10, 76.10, 76.10, 3.00, 3.00, 3.00, 3.00, 3.00, 26.90, 26.90, 26.90, 26.90, 26.90, 2.30, 2.30, 2.30, 2.30, 2.30, 26.90, 26.90, 26.90, 26.90, 26.90, 2.32, 2.30, 2.30, 2.30, 2.30]
  Objective : 106.822

[EVALUATION 29]
  Date/time : 2026-05-20 11:26:49
  x         : [202.07, 76.10, 76.10, 76.10, 76.10, 76.10, 3.00, 3.00, 3.00, 3.00, 3.00, 26.90, 26.90, 26.90, 26.90, 26.90, 2.30, 2.30, 2.30, 2.30, 2.30, 26.90, 26.90, 26.90, 26.90, 26.90, 2.30, 2.32, 2.30, 2.30, 2.30]
  Objective : 106.822

[EVALUATION 30]
  Date/time : 2026-05-20 11:26:55
  x         : [202.07, 76.10, 76.10, 76.10, 76.10, 76.10, 3.00, 3.00, 3.00, 3.00, 3.00, 26.90, 26.90, 26.90, 26.90, 26.90, 2.30, 2.30, 2.30, 2.30, 2.30, 26.90, 26.90, 26.90, 26.90, 26.90, 2.30, 2.30, 2.32, 2.30, 2.30]
  Objective : 106.822

[EVALUATION 31]
  Date/time : 2026-05-20 11:27:01
  x         : [202.07, 76.10, 76.10, 76.10, 76.10, 76.10, 3.00, 3.00, 3.00, 3.00, 3.00, 26.90, 26.90, 26.90, 26.90, 26.90, 2.30, 2.30, 2.30, 2.30, 2.30, 26.90, 26.90, 26.90, 26.90, 26.90, 2.30, 2.30, 2.30, 2.32, 2.30]
  Objective : 106.822

[EVALUATION 32]
  Date/time : 2026-05-20 11:27:07
  x         : [202.07, 76.10, 76.10, 76.10, 76.10, 76.10, 3.00, 3.00, 3.00, 3.00, 3.00, 26.90, 26.90, 26.90, 26.90, 26.90, 2.30, 2.30, 2.30, 2.30, 2.30, 26.90, 26.90, 26.90, 26.90, 26.90, 2.30, 2.30, 2.30, 2.30, 2.32]
  Objective : 106.822

[EVALUATION 33]
  Date/time : 2026-05-20 11:27:13
  x         : [192.07, 72.80, 72.80, 72.80, 72.80, 72.80, 3.09, 3.09, 3.09, 3.09, 3.09, 24.90, 24.90, 24.90, 24.90, 24.90, 2.15, 2.15, 2.15, 2.15, 2.15, 24.90, 24.90, 24.90, 24.90, 24.90, 2.15, 2.15, 2.15, 2.15, 2.15]
  Objective : 98.681

[ITERATION 2]
  Date/time : 2026-05-20 11:27:13
  x         : [192.07    ,  72.8     ,  72.8     ,  72.8     ,  72.8     ,  72.8     ,
   3.091577,   3.091577,   3.091577,   3.091577,   3.091577,  24.9     ,
  24.9     ,  24.9     ,  24.9     ,  24.9     ,   2.15    ,   2.15    ,
   2.15    ,   2.15    ,   2.15    ,  24.9     ,  24.9     ,  24.9     ,
  24.9     ,  24.9     ,   2.15    ,   2.15    ,   2.15    ,   2.15    ,
   2.15    ]

Util_LB     Column:    0.035  Brace:    0.002
Util_NF     Column:    0.536  Brace:    0.228
Util_S      Column:    0.029  Brace:    0.011
Util_T      Column:    0.027  Brace:    0.038
Util_BR     Column:    0.613  Brace:    0.308
Util_IN     Column:    0.712  Brace:    0.390
Util_BS_sig  Column:    N/A    Brace:    0.331
Util_BS_defl  Column:    N/A    Brace:    0.085
[EVALUATION 34]
  Date/time : 2026-05-20 11:27:18
  x         : [194.09, 72.80, 72.80, 72.80, 72.80, 72.80, 3.09, 3.09, 3.09, 3.09, 3.09, 24.90, 24.90, 24.90, 24.90, 24.90, 2.15, 2.15, 2.15, 2.15, 2.15, 24.90, 24.90, 24.90, 24.90, 24.90, 2.15, 2.15, 2.15, 2.15, 2.15]
  Objective : 98.966

[EVALUATION 35]
  Date/time : 2026-05-20 11:27:23
  x         : [192.07, 73.56, 72.80, 72.80, 72.80, 72.80, 3.09, 3.09, 3.09, 3.09, 3.09, 24.90, 24.90, 24.90, 24.90, 24.90, 2.15, 2.15, 2.15, 2.15, 2.15, 24.90, 24.90, 24.90, 24.90, 24.90, 2.15, 2.15, 2.15, 2.15, 2.15]
  Objective : 98.822

[EVALUATION 36]
  Date/time : 2026-05-20 11:27:28
  x         : [192.07, 72.80, 73.56, 72.80, 72.80, 72.80, 3.09, 3.09, 3.09, 3.09, 3.09, 24.90, 24.90, 24.90, 24.90, 24.90, 2.15, 2.15, 2.15, 2.15, 2.15, 24.90, 24.90, 24.90, 24.90, 24.90, 2.15, 2.15, 2.15, 2.15, 2.15]
  Objective : 98.822

[EVALUATION 37]
  Date/time : 2026-05-20 11:27:33
  x         : [192.07, 72.80, 72.80, 73.56, 72.80, 72.80, 3.09, 3.09, 3.09, 3.09, 3.09, 24.90, 24.90, 24.90, 24.90, 24.90, 2.15, 2.15, 2.15, 2.15, 2.15, 24.90, 24.90, 24.90, 24.90, 24.90, 2.15, 2.15, 2.15, 2.15, 2.15]
  Objective : 98.822

[EVALUATION 38]
  Date/time : 2026-05-20 11:27:38
  x         : [192.07, 72.80, 72.80, 72.80, 73.56, 72.80, 3.09, 3.09, 3.09, 3.09, 3.09, 24.90, 24.90, 24.90, 24.90, 24.90, 2.15, 2.15, 2.15, 2.15, 2.15, 24.90, 24.90, 24.90, 24.90, 24.90, 2.15, 2.15, 2.15, 2.15, 2.15]
  Objective : 98.822

[EVALUATION 39]
  Date/time : 2026-05-20 11:27:43
  x         : [192.07, 72.80, 72.80, 72.80, 72.80, 73.56, 3.09, 3.09, 3.09, 3.09, 3.09, 24.90, 24.90, 24.90, 24.90, 24.90, 2.15, 2.15, 2.15, 2.15, 2.15, 24.90, 24.90, 24.90, 24.90, 24.90, 2.15, 2.15, 2.15, 2.15, 2.15]
  Objective : 98.823

[EVALUATION 40]
  Date/time : 2026-05-20 11:27:48
  x         : [192.07, 72.80, 72.80, 72.80, 72.80, 72.80, 3.12, 3.09, 3.09, 3.09, 3.09, 24.90, 24.90, 24.90, 24.90, 24.90, 2.15, 2.15, 2.15, 2.15, 2.15, 24.90, 24.90, 24.90, 24.90, 24.90, 2.15, 2.15, 2.15, 2.15, 2.15]
  Objective : 98.801

[EVALUATION 41]
  Date/time : 2026-05-20 11:27:53
  x         : [192.07, 72.80, 72.80, 72.80, 72.80, 72.80, 3.09, 3.12, 3.09, 3.09, 3.09, 24.90, 24.90, 24.90, 24.90, 24.90, 2.15, 2.15, 2.15, 2.15, 2.15, 24.90, 24.90, 24.90, 24.90, 24.90, 2.15, 2.15, 2.15, 2.15, 2.15]
  Objective : 98.800

[EVALUATION 42]
  Date/time : 2026-05-20 11:27:59
  x         : [192.07, 72.80, 72.80, 72.80, 72.80, 72.80, 3.09, 3.09, 3.12, 3.09, 3.09, 24.90, 24.90, 24.90, 24.90, 24.90, 2.15, 2.15, 2.15, 2.15, 2.15, 24.90, 24.90, 24.90, 24.90, 24.90, 2.15, 2.15, 2.15, 2.15, 2.15]
  Objective : 98.800

[EVALUATION 43]
  Date/time : 2026-05-20 11:28:04
  x         : [192.07, 72.80, 72.80, 72.80, 72.80, 72.80, 3.09, 3.09, 3.09, 3.12, 3.09, 24.90, 24.90, 24.90, 24.90, 24.90, 2.15, 2.15, 2.15, 2.15, 2.15, 24.90, 24.90, 24.90, 24.90, 24.90, 2.15, 2.15, 2.15, 2.15, 2.15]
  Objective : 98.800

[EVALUATION 44]
  Date/time : 2026-05-20 11:28:09
  x         : [192.07, 72.80, 72.80, 72.80, 72.80, 72.80, 3.09, 3.09, 3.09, 3.09, 3.12, 24.90, 24.90, 24.90, 24.90, 24.90, 2.15, 2.15, 2.15, 2.15, 2.15, 24.90, 24.90, 24.90, 24.90, 24.90, 2.15, 2.15, 2.15, 2.15, 2.15]
  Objective : 98.802

[EVALUATION 45]
  Date/time : 2026-05-20 11:28:14
  x         : [192.07, 72.80, 72.80, 72.80, 72.80, 72.80, 3.09, 3.09, 3.09, 3.09, 3.09, 25.17, 24.90, 24.90, 24.90, 24.90, 2.15, 2.15, 2.15, 2.15, 2.15, 24.90, 24.90, 24.90, 24.90, 24.90, 2.15, 2.15, 2.15, 2.15, 2.15]
  Objective : 98.723

[EVALUATION 46]
  Date/time : 2026-05-20 11:28:20
  x         : [192.07, 72.80, 72.80, 72.80, 72.80, 72.80, 3.09, 3.09, 3.09, 3.09, 3.09, 24.90, 25.17, 24.90, 24.90, 24.90, 2.15, 2.15, 2.15, 2.15, 2.15, 24.90, 24.90, 24.90, 24.90, 24.90, 2.15, 2.15, 2.15, 2.15, 2.15]
  Objective : 98.723

[EVALUATION 47]
  Date/time : 2026-05-20 11:28:25
  x         : [192.07, 72.80, 72.80, 72.80, 72.80, 72.80, 3.09, 3.09, 3.09, 3.09, 3.09, 24.90, 24.90, 25.17, 24.90, 24.90, 2.15, 2.15, 2.15, 2.15, 2.15, 24.90, 24.90, 24.90, 24.90, 24.90, 2.15, 2.15, 2.15, 2.15, 2.15]
  Objective : 98.723

[EVALUATION 48]
  Date/time : 2026-05-20 11:28:30
  x         : [192.07, 72.80, 72.80, 72.80, 72.80, 72.80, 3.09, 3.09, 3.09, 3.09, 3.09, 24.90, 24.90, 24.90, 25.17, 24.90, 2.15, 2.15, 2.15, 2.15, 2.15, 24.90, 24.90, 24.90, 24.90, 24.90, 2.15, 2.15, 2.15, 2.15, 2.15]
  Objective : 98.723

[EVALUATION 49]
  Date/time : 2026-05-20 11:28:35
  x         : [192.07, 72.80, 72.80, 72.80, 72.80, 72.80, 3.09, 3.09, 3.09, 3.09, 3.09, 24.90, 24.90, 24.90, 24.90, 25.17, 2.15, 2.15, 2.15, 2.15, 2.15, 24.90, 24.90, 24.90, 24.90, 24.90, 2.15, 2.15, 2.15, 2.15, 2.15]
  Objective : 98.723

[EVALUATION 50]
  Date/time : 2026-05-20 11:28:40
  x         : [192.07, 72.80, 72.80, 72.80, 72.80, 72.80, 3.09, 3.09, 3.09, 3.09, 3.09, 24.90, 24.90, 24.90, 24.90, 24.90, 2.17, 2.15, 2.15, 2.15, 2.15, 24.90, 24.90, 24.90, 24.90, 24.90, 2.15, 2.15, 2.15, 2.15, 2.15]
  Objective : 98.716

[EVALUATION 51]
  Date/time : 2026-05-20 11:28:45
  x         : [192.07, 72.80, 72.80, 72.80, 72.80, 72.80, 3.09, 3.09, 3.09, 3.09, 3.09, 24.90, 24.90, 24.90, 24.90, 24.90, 2.15, 2.17, 2.15, 2.15, 2.15, 24.90, 24.90, 24.90, 24.90, 24.90, 2.15, 2.15, 2.15, 2.15, 2.15]
  Objective : 98.716

[EVALUATION 52]
  Date/time : 2026-05-20 11:28:50
  x         : [192.07, 72.80, 72.80, 72.80, 72.80, 72.80, 3.09, 3.09, 3.09, 3.09, 3.09, 24.90, 24.90, 24.90, 24.90, 24.90, 2.15, 2.15, 2.17, 2.15, 2.15, 24.90, 24.90, 24.90, 24.90, 24.90, 2.15, 2.15, 2.15, 2.15, 2.15]
  Objective : 98.716

[EVALUATION 53]
  Date/time : 2026-05-20 11:28:56
  x         : [192.07, 72.80, 72.80, 72.80, 72.80, 72.80, 3.09, 3.09, 3.09, 3.09, 3.09, 24.90, 24.90, 24.90, 24.90, 24.90, 2.15, 2.15, 2.15, 2.17, 2.15, 24.90, 24.90, 24.90, 24.90, 24.90, 2.15, 2.15, 2.15, 2.15, 2.15]
  Objective : 98.716

[EVALUATION 54]
  Date/time : 2026-05-20 11:29:01
  x         : [192.07, 72.80, 72.80, 72.80, 72.80, 72.80, 3.09, 3.09, 3.09, 3.09, 3.09, 24.90, 24.90, 24.90, 24.90, 24.90, 2.15, 2.15, 2.15, 2.15, 2.17, 24.90, 24.90, 24.90, 24.90, 24.90, 2.15, 2.15, 2.15, 2.15, 2.15]
  Objective : 98.716

[EVALUATION 55]
  Date/time : 2026-05-20 11:29:06
  x         : [192.07, 72.80, 72.80, 72.80, 72.80, 72.80, 3.09, 3.09, 3.09, 3.09, 3.09, 24.90, 24.90, 24.90, 24.90, 24.90, 2.15, 2.15, 2.15, 2.15, 2.15, 25.17, 24.90, 24.90, 24.90, 24.90, 2.15, 2.15, 2.15, 2.15, 2.15]
  Objective : 98.719

[EVALUATION 56]
  Date/time : 2026-05-20 11:29:11
  x         : [192.07, 72.80, 72.80, 72.80, 72.80, 72.80, 3.09, 3.09, 3.09, 3.09, 3.09, 24.90, 24.90, 24.90, 24.90, 24.90, 2.15, 2.15, 2.15, 2.15, 2.15, 24.90, 25.17, 24.90, 24.90, 24.90, 2.15, 2.15, 2.15, 2.15, 2.15]
  Objective : 98.719

[EVALUATION 57]
  Date/time : 2026-05-20 11:29:16
  x         : [192.07, 72.80, 72.80, 72.80, 72.80, 72.80, 3.09, 3.09, 3.09, 3.09, 3.09, 24.90, 24.90, 24.90, 24.90, 24.90, 2.15, 2.15, 2.15, 2.15, 2.15, 24.90, 24.90, 25.17, 24.90, 24.90, 2.15, 2.15, 2.15, 2.15, 2.15]
  Objective : 98.719

[EVALUATION 58]
  Date/time : 2026-05-20 11:29:21
  x         : [192.07, 72.80, 72.80, 72.80, 72.80, 72.80, 3.09, 3.09, 3.09, 3.09, 3.09, 24.90, 24.90, 24.90, 24.90, 24.90, 2.15, 2.15, 2.15, 2.15, 2.15, 24.90, 24.90, 24.90, 25.17, 24.90, 2.15, 2.15, 2.15, 2.15, 2.15]
  Objective : 98.719

[EVALUATION 59]
  Date/time : 2026-05-20 11:29:26
  x         : [192.07, 72.80, 72.80, 72.80, 72.80, 72.80, 3.09, 3.09, 3.09, 3.09, 3.09, 24.90, 24.90, 24.90, 24.90, 24.90, 2.15, 2.15, 2.15, 2.15, 2.15, 24.90, 24.90, 24.90, 24.90, 25.17, 2.15, 2.15, 2.15, 2.15, 2.15]
  Objective : 98.719

[EVALUATION 60]
  Date/time : 2026-05-20 11:29:32
  x         : [192.07, 72.80, 72.80, 72.80, 72.80, 72.80, 3.09, 3.09, 3.09, 3.09, 3.09, 24.90, 24.90, 24.90, 24.90, 24.90, 2.15, 2.15, 2.15, 2.15, 2.15, 24.90, 24.90, 24.90, 24.90, 24.90, 2.17, 2.15, 2.15, 2.15, 2.15]
  Objective : 98.712

[EVALUATION 61]
  Date/time : 2026-05-20 11:29:37
  x         : [192.07, 72.80, 72.80, 72.80, 72.80, 72.80, 3.09, 3.09, 3.09, 3.09, 3.09, 24.90, 24.90, 24.90, 24.90, 24.90, 2.15, 2.15, 2.15, 2.15, 2.15, 24.90, 24.90, 24.90, 24.90, 24.90, 2.15, 2.17, 2.15, 2.15, 2.15]
  Objective : 98.712

[EVALUATION 62]
  Date/time : 2026-05-20 11:29:42
  x         : [192.07, 72.80, 72.80, 72.80, 72.80, 72.80, 3.09, 3.09, 3.09, 3.09, 3.09, 24.90, 24.90, 24.90, 24.90, 24.90, 2.15, 2.15, 2.15, 2.15, 2.15, 24.90, 24.90, 24.90, 24.90, 24.90, 2.15, 2.15, 2.17, 2.15, 2.15]
  Objective : 98.712

[EVALUATION 63]
  Date/time : 2026-05-20 11:29:48
  x         : [192.07, 72.80, 72.80, 72.80, 72.80, 72.80, 3.09, 3.09, 3.09, 3.09, 3.09, 24.90, 24.90, 24.90, 24.90, 24.90, 2.15, 2.15, 2.15, 2.15, 2.15, 24.90, 24.90, 24.90, 24.90, 24.90, 2.15, 2.15, 2.15, 2.17, 2.15]
  Objective : 98.712

[EVALUATION 64]
  Date/time : 2026-05-20 11:29:53
  x         : [192.07, 72.80, 72.80, 72.80, 72.80, 72.80, 3.09, 3.09, 3.09, 3.09, 3.09, 24.90, 24.90, 24.90, 24.90, 24.90, 2.15, 2.15, 2.15, 2.15, 2.15, 24.90, 24.90, 24.90, 24.90, 24.90, 2.15, 2.15, 2.15, 2.15, 2.17]
  Objective : 98.712

[EVALUATION 65]
  Date/time : 2026-05-20 11:29:58
  x         : [181.07, 69.17, 69.17, 69.17, 69.17, 69.17, 2.95, 2.95, 2.95, 2.95, 2.95, 22.70, 22.70, 22.70, 22.70, 22.70, 1.98, 1.98, 1.98, 1.98, 1.98, 22.70, 22.70, 22.70, 22.70, 22.70, 1.98, 1.98, 1.98, 1.98, 1.98]
  Objective : 85.990

[ITERATION 3]
  Date/time : 2026-05-20 11:29:59
  x         : [181.07    ,  69.17    ,  69.17    ,  69.17    ,  69.17    ,  69.17    ,
   2.954077,   2.954077,   2.954077,   2.954077,   2.954077,  22.7     ,
  22.7     ,  22.7     ,  22.7     ,  22.7     ,   1.985   ,   1.985   ,
   1.985   ,   1.985   ,   1.985   ,  22.7     ,  22.7     ,  22.7     ,
  22.7     ,  22.7     ,   1.985   ,   1.985   ,   1.985   ,   1.985   ,
   1.985   ]

Util_LB     Column:    0.041  Brace:    0.003
Util_NF     Column:    0.630  Brace:    0.295
Util_S      Column:    0.033  Brace:    0.013
Util_T      Column:    0.034  Brace:    0.042
Util_BR     Column:    0.727  Brace:    0.396
Util_IN     Column:    0.841  Brace:    0.493
Util_BS_sig  Column:    N/A    Brace:    0.408
Util_BS_defl  Column:    N/A    Brace:    0.108
[EVALUATION 66]
  Date/time : 2026-05-20 11:30:04
  x         : [183.09, 69.17, 69.17, 69.17, 69.17, 69.17, 2.95, 2.95, 2.95, 2.95, 2.95, 22.70, 22.70, 22.70, 22.70, 22.70, 1.98, 1.98, 1.98, 1.98, 1.98, 22.70, 22.70, 22.70, 22.70, 22.70, 1.98, 1.98, 1.98, 1.98, 1.98]
  Objective : 86.228

[EVALUATION 67]
  Date/time : 2026-05-20 11:30:09
  x         : [181.07, 69.93, 69.17, 69.17, 69.17, 69.17, 2.95, 2.95, 2.95, 2.95, 2.95, 22.70, 22.70, 22.70, 22.70, 22.70, 1.98, 1.98, 1.98, 1.98, 1.98, 22.70, 22.70, 22.70, 22.70, 22.70, 1.98, 1.98, 1.98, 1.98, 1.98]
  Objective : 86.125

[EVALUATION 68]
  Date/time : 2026-05-20 11:30:14
  x         : [181.07, 69.17, 69.93, 69.17, 69.17, 69.17, 2.95, 2.95, 2.95, 2.95, 2.95, 22.70, 22.70, 22.70, 22.70, 22.70, 1.98, 1.98, 1.98, 1.98, 1.98, 22.70, 22.70, 22.70, 22.70, 22.70, 1.98, 1.98, 1.98, 1.98, 1.98]
  Objective : 86.125

[EVALUATION 69]
  Date/time : 2026-05-20 11:30:19
  x         : [181.07, 69.17, 69.17, 69.93, 69.17, 69.17, 2.95, 2.95, 2.95, 2.95, 2.95, 22.70, 22.70, 22.70, 22.70, 22.70, 1.98, 1.98, 1.98, 1.98, 1.98, 22.70, 22.70, 22.70, 22.70, 22.70, 1.98, 1.98, 1.98, 1.98, 1.98]
  Objective : 86.125

[EVALUATION 70]
  Date/time : 2026-05-20 11:30:25
  x         : [181.07, 69.17, 69.17, 69.17, 69.93, 69.17, 2.95, 2.95, 2.95, 2.95, 2.95, 22.70, 22.70, 22.70, 22.70, 22.70, 1.98, 1.98, 1.98, 1.98, 1.98, 22.70, 22.70, 22.70, 22.70, 22.70, 1.98, 1.98, 1.98, 1.98, 1.98]
  Objective : 86.125

[EVALUATION 71]
  Date/time : 2026-05-20 11:30:30
  x         : [181.07, 69.17, 69.17, 69.17, 69.17, 69.93, 2.95, 2.95, 2.95, 2.95, 2.95, 22.70, 22.70, 22.70, 22.70, 22.70, 1.98, 1.98, 1.98, 1.98, 1.98, 22.70, 22.70, 22.70, 22.70, 22.70, 1.98, 1.98, 1.98, 1.98, 1.98]
  Objective : 86.126

[EVALUATION 72]
  Date/time : 2026-05-20 11:30:35
  x         : [181.07, 69.17, 69.17, 69.17, 69.17, 69.17, 2.98, 2.95, 2.95, 2.95, 2.95, 22.70, 22.70, 22.70, 22.70, 22.70, 1.98, 1.98, 1.98, 1.98, 1.98, 22.70, 22.70, 22.70, 22.70, 22.70, 1.98, 1.98, 1.98, 1.98, 1.98]
  Objective : 86.104

[EVALUATION 73]
  Date/time : 2026-05-20 11:30:41
  x         : [181.07, 69.17, 69.17, 69.17, 69.17, 69.17, 2.95, 2.98, 2.95, 2.95, 2.95, 22.70, 22.70, 22.70, 22.70, 22.70, 1.98, 1.98, 1.98, 1.98, 1.98, 22.70, 22.70, 22.70, 22.70, 22.70, 1.98, 1.98, 1.98, 1.98, 1.98]
  Objective : 86.104

[EVALUATION 74]
  Date/time : 2026-05-20 11:30:46
  x         : [181.07, 69.17, 69.17, 69.17, 69.17, 69.17, 2.95, 2.95, 2.98, 2.95, 2.95, 22.70, 22.70, 22.70, 22.70, 22.70, 1.98, 1.98, 1.98, 1.98, 1.98, 22.70, 22.70, 22.70, 22.70, 22.70, 1.98, 1.98, 1.98, 1.98, 1.98]
  Objective : 86.104

[EVALUATION 75]
  Date/time : 2026-05-20 11:30:52
  x         : [181.07, 69.17, 69.17, 69.17, 69.17, 69.17, 2.95, 2.95, 2.95, 2.98, 2.95, 22.70, 22.70, 22.70, 22.70, 22.70, 1.98, 1.98, 1.98, 1.98, 1.98, 22.70, 22.70, 22.70, 22.70, 22.70, 1.98, 1.98, 1.98, 1.98, 1.98]
  Objective : 86.104

[EVALUATION 76]
  Date/time : 2026-05-20 11:30:57
  x         : [181.07, 69.17, 69.17, 69.17, 69.17, 69.17, 2.95, 2.95, 2.95, 2.95, 2.98, 22.70, 22.70, 22.70, 22.70, 22.70, 1.98, 1.98, 1.98, 1.98, 1.98, 22.70, 22.70, 22.70, 22.70, 22.70, 1.98, 1.98, 1.98, 1.98, 1.98]
  Objective : 86.105

[EVALUATION 77]
  Date/time : 2026-05-20 11:31:02
  x         : [181.07, 69.17, 69.17, 69.17, 69.17, 69.17, 2.95, 2.95, 2.95, 2.95, 2.95, 22.97, 22.70, 22.70, 22.70, 22.70, 1.98, 1.98, 1.98, 1.98, 1.98, 22.70, 22.70, 22.70, 22.70, 22.70, 1.98, 1.98, 1.98, 1.98, 1.98]
  Objective : 86.028

[EVALUATION 78]
  Date/time : 2026-05-20 11:31:07
  x         : [181.07, 69.17, 69.17, 69.17, 69.17, 69.17, 2.95, 2.95, 2.95, 2.95, 2.95, 22.70, 22.97, 22.70, 22.70, 22.70, 1.98, 1.98, 1.98, 1.98, 1.98, 22.70, 22.70, 22.70, 22.70, 22.70, 1.98, 1.98, 1.98, 1.98, 1.98]
  Objective : 86.028

[EVALUATION 79]
  Date/time : 2026-05-20 11:31:12
  x         : [181.07, 69.17, 69.17, 69.17, 69.17, 69.17, 2.95, 2.95, 2.95, 2.95, 2.95, 22.70, 22.70, 22.97, 22.70, 22.70, 1.98, 1.98, 1.98, 1.98, 1.98, 22.70, 22.70, 22.70, 22.70, 22.70, 1.98, 1.98, 1.98, 1.98, 1.98]
  Objective : 86.028

[EVALUATION 80]
  Date/time : 2026-05-20 11:31:18
  x         : [181.07, 69.17, 69.17, 69.17, 69.17, 69.17, 2.95, 2.95, 2.95, 2.95, 2.95, 22.70, 22.70, 22.70, 22.97, 22.70, 1.98, 1.98, 1.98, 1.98, 1.98, 22.70, 22.70, 22.70, 22.70, 22.70, 1.98, 1.98, 1.98, 1.98, 1.98]
  Objective : 86.028

[EVALUATION 81]
  Date/time : 2026-05-20 11:31:23
  x         : [181.07, 69.17, 69.17, 69.17, 69.17, 69.17, 2.95, 2.95, 2.95, 2.95, 2.95, 22.70, 22.70, 22.70, 22.70, 22.97, 1.98, 1.98, 1.98, 1.98, 1.98, 22.70, 22.70, 22.70, 22.70, 22.70, 1.98, 1.98, 1.98, 1.98, 1.98]
  Objective : 86.028

[EVALUATION 82]
  Date/time : 2026-05-20 11:31:29
  x         : [181.07, 69.17, 69.17, 69.17, 69.17, 69.17, 2.95, 2.95, 2.95, 2.95, 2.95, 22.70, 22.70, 22.70, 22.70, 22.70, 2.01, 1.98, 1.98, 1.98, 1.98, 22.70, 22.70, 22.70, 22.70, 22.70, 1.98, 1.98, 1.98, 1.98, 1.98]
  Objective : 86.020

[EVALUATION 83]
  Date/time : 2026-05-20 11:31:35
  x         : [181.07, 69.17, 69.17, 69.17, 69.17, 69.17, 2.95, 2.95, 2.95, 2.95, 2.95, 22.70, 22.70, 22.70, 22.70, 22.70, 1.98, 2.01, 1.98, 1.98, 1.98, 22.70, 22.70, 22.70, 22.70, 22.70, 1.98, 1.98, 1.98, 1.98, 1.98]
  Objective : 86.020

[EVALUATION 84]
  Date/time : 2026-05-20 11:31:41
  x         : [181.07, 69.17, 69.17, 69.17, 69.17, 69.17, 2.95, 2.95, 2.95, 2.95, 2.95, 22.70, 22.70, 22.70, 22.70, 22.70, 1.98, 1.98, 2.01, 1.98, 1.98, 22.70, 22.70, 22.70, 22.70, 22.70, 1.98, 1.98, 1.98, 1.98, 1.98]
  Objective : 86.020

[EVALUATION 85]
  Date/time : 2026-05-20 11:31:46
  x         : [181.07, 69.17, 69.17, 69.17, 69.17, 69.17, 2.95, 2.95, 2.95, 2.95, 2.95, 22.70, 22.70, 22.70, 22.70, 22.70, 1.98, 1.98, 1.98, 2.01, 1.98, 22.70, 22.70, 22.70, 22.70, 22.70, 1.98, 1.98, 1.98, 1.98, 1.98]
  Objective : 86.020

[EVALUATION 86]
  Date/time : 2026-05-20 11:31:51
  x         : [181.07, 69.17, 69.17, 69.17, 69.17, 69.17, 2.95, 2.95, 2.95, 2.95, 2.95, 22.70, 22.70, 22.70, 22.70, 22.70, 1.98, 1.98, 1.98, 1.98, 2.01, 22.70, 22.70, 22.70, 22.70, 22.70, 1.98, 1.98, 1.98, 1.98, 1.98]
  Objective : 86.020

[EVALUATION 87]
  Date/time : 2026-05-20 11:31:57
  x         : [181.07, 69.17, 69.17, 69.17, 69.17, 69.17, 2.95, 2.95, 2.95, 2.95, 2.95, 22.70, 22.70, 22.70, 22.70, 22.70, 1.98, 1.98, 1.98, 1.98, 1.98, 22.97, 22.70, 22.70, 22.70, 22.70, 1.98, 1.98, 1.98, 1.98, 1.98]
  Objective : 86.024

[EVALUATION 88]
  Date/time : 2026-05-20 11:32:02
  x         : [181.07, 69.17, 69.17, 69.17, 69.17, 69.17, 2.95, 2.95, 2.95, 2.95, 2.95, 22.70, 22.70, 22.70, 22.70, 22.70, 1.98, 1.98, 1.98, 1.98, 1.98, 22.70, 22.97, 22.70, 22.70, 22.70, 1.98, 1.98, 1.98, 1.98, 1.98]
  Objective : 86.024

[EVALUATION 89]
  Date/time : 2026-05-20 11:32:08
  x         : [181.07, 69.17, 69.17, 69.17, 69.17, 69.17, 2.95, 2.95, 2.95, 2.95, 2.95, 22.70, 22.70, 22.70, 22.70, 22.70, 1.98, 1.98, 1.98, 1.98, 1.98, 22.70, 22.70, 22.97, 22.70, 22.70, 1.98, 1.98, 1.98, 1.98, 1.98]
  Objective : 86.024

[EVALUATION 90]
  Date/time : 2026-05-20 11:32:13
  x         : [181.07, 69.17, 69.17, 69.17, 69.17, 69.17, 2.95, 2.95, 2.95, 2.95, 2.95, 22.70, 22.70, 22.70, 22.70, 22.70, 1.98, 1.98, 1.98, 1.98, 1.98, 22.70, 22.70, 22.70, 22.97, 22.70, 1.98, 1.98, 1.98, 1.98, 1.98]
  Objective : 86.024

[EVALUATION 91]
  Date/time : 2026-05-20 11:32:18
  x         : [181.07, 69.17, 69.17, 69.17, 69.17, 69.17, 2.95, 2.95, 2.95, 2.95, 2.95, 22.70, 22.70, 22.70, 22.70, 22.70, 1.98, 1.98, 1.98, 1.98, 1.98, 22.70, 22.70, 22.70, 22.70, 22.97, 1.98, 1.98, 1.98, 1.98, 1.98]
  Objective : 86.024

[EVALUATION 92]
  Date/time : 2026-05-20 11:32:23
  x         : [181.07, 69.17, 69.17, 69.17, 69.17, 69.17, 2.95, 2.95, 2.95, 2.95, 2.95, 22.70, 22.70, 22.70, 22.70, 22.70, 1.98, 1.98, 1.98, 1.98, 1.98, 22.70, 22.70, 22.70, 22.70, 22.70, 2.01, 1.98, 1.98, 1.98, 1.98]
  Objective : 86.018

[EVALUATION 93]
  Date/time : 2026-05-20 11:32:29
  x         : [181.07, 69.17, 69.17, 69.17, 69.17, 69.17, 2.95, 2.95, 2.95, 2.95, 2.95, 22.70, 22.70, 22.70, 22.70, 22.70, 1.98, 1.98, 1.98, 1.98, 1.98, 22.70, 22.70, 22.70, 22.70, 22.70, 1.98, 2.01, 1.98, 1.98, 1.98]
  Objective : 86.018

[EVALUATION 94]
  Date/time : 2026-05-20 11:32:34
  x         : [181.07, 69.17, 69.17, 69.17, 69.17, 69.17, 2.95, 2.95, 2.95, 2.95, 2.95, 22.70, 22.70, 22.70, 22.70, 22.70, 1.98, 1.98, 1.98, 1.98, 1.98, 22.70, 22.70, 22.70, 22.70, 22.70, 1.98, 1.98, 2.01, 1.98, 1.98]
  Objective : 86.018

[EVALUATION 95]
  Date/time : 2026-05-20 11:32:40
  x         : [181.07, 69.17, 69.17, 69.17, 69.17, 69.17, 2.95, 2.95, 2.95, 2.95, 2.95, 22.70, 22.70, 22.70, 22.70, 22.70, 1.98, 1.98, 1.98, 1.98, 1.98, 22.70, 22.70, 22.70, 22.70, 22.70, 1.98, 1.98, 1.98, 2.01, 1.98]
  Objective : 86.018

[EVALUATION 96]
  Date/time : 2026-05-20 11:32:45
  x         : [181.07, 69.17, 69.17, 69.17, 69.17, 69.17, 2.95, 2.95, 2.95, 2.95, 2.95, 22.70, 22.70, 22.70, 22.70, 22.70, 1.98, 1.98, 1.98, 1.98, 1.98, 22.70, 22.70, 22.70, 22.70, 22.70, 1.98, 1.98, 1.98, 1.98, 2.01]
  Objective : 86.018

[EVALUATION 97]
  Date/time : 2026-05-20 11:32:51
  x         : [168.97, 65.18, 65.18, 65.18, 65.18, 65.18, 2.89, 2.89, 2.89, 2.89, 2.89, 20.28, 20.28, 20.28, 20.28, 20.28, 1.80, 1.80, 1.80, 1.80, 1.80, 20.28, 20.28, 20.28, 20.28, 20.28, 1.80, 1.80, 1.80, 1.80, 1.80]
  Objective : 74.905

[ITERATION 4]
  Date/time : 2026-05-20 11:32:52
  x         : [168.97    ,  65.177   ,  65.177   ,  65.177   ,  65.177   ,  65.177   ,
   2.885327,   2.885327,   2.885327,   2.885327,   2.885327,  20.28    ,
  20.28    ,  20.28    ,  20.28    ,  20.28    ,   1.8035  ,   1.8035  ,
   1.8035  ,   1.8035  ,   1.8035  ,  20.28    ,  20.28    ,  20.28    ,
  20.28    ,  20.28    ,   1.8035  ,   1.8035  ,   1.8035  ,   1.8035  ,
   1.8035  ]

Util_LB     Column:    0.046  Brace:    0.004
Util_NF     Column:    0.741  Brace:    0.396
Util_S      Column:    0.037  Brace:    0.016
Util_T      Column:    0.043  Brace:    0.048
Util_BR     Column:    0.867  Brace:    0.526
Util_IN     Column:    1.006  Brace:    0.640
Util_BS_sig  Column:    N/A    Brace:    0.526
Util_BS_defl  Column:    N/A    Brace:    0.146
[EVALUATION 98]
  Date/time : 2026-05-20 11:32:57
  x         : [170.99, 65.18, 65.18, 65.18, 65.18, 65.18, 2.89, 2.89, 2.89, 2.89, 2.89, 20.28, 20.28, 20.28, 20.28, 20.28, 1.80, 1.80, 1.80, 1.80, 1.80, 20.28, 20.28, 20.28, 20.28, 20.28, 1.80, 1.80, 1.80, 1.80, 1.80]
  Objective : 75.096

[EVALUATION 99]
  Date/time : 2026-05-20 11:33:03
  x         : [168.97, 65.94, 65.18, 65.18, 65.18, 65.18, 2.89, 2.89, 2.89, 2.89, 2.89, 20.28, 20.28, 20.28, 20.28, 20.28, 1.80, 1.80, 1.80, 1.80, 1.80, 20.28, 20.28, 20.28, 20.28, 20.28, 1.80, 1.80, 1.80, 1.80, 1.80]
  Objective : 75.037

[EVALUATION 100]
  Date/time : 2026-05-20 11:33:09
  x         : [168.97, 65.18, 65.94, 65.18, 65.18, 65.18, 2.89, 2.89, 2.89, 2.89, 2.89, 20.28, 20.28, 20.28, 20.28, 20.28, 1.80, 1.80, 1.80, 1.80, 1.80, 20.28, 20.28, 20.28, 20.28, 20.28, 1.80, 1.80, 1.80, 1.80, 1.80]
  Objective : 75.036

[EVALUATION 101]
  Date/time : 2026-05-20 11:33:14
  x         : [168.97, 65.18, 65.18, 65.94, 65.18, 65.18, 2.89, 2.89, 2.89, 2.89, 2.89, 20.28, 20.28, 20.28, 20.28, 20.28, 1.80, 1.80, 1.80, 1.80, 1.80, 20.28, 20.28, 20.28, 20.28, 20.28, 1.80, 1.80, 1.80, 1.80, 1.80]
  Objective : 75.036

[EVALUATION 102]
  Date/time : 2026-05-20 11:33:20
  x         : [168.97, 65.18, 65.18, 65.18, 65.94, 65.18, 2.89, 2.89, 2.89, 2.89, 2.89, 20.28, 20.28, 20.28, 20.28, 20.28, 1.80, 1.80, 1.80, 1.80, 1.80, 20.28, 20.28, 20.28, 20.28, 20.28, 1.80, 1.80, 1.80, 1.80, 1.80]
  Objective : 75.036

[EVALUATION 103]
  Date/time : 2026-05-20 11:33:25
  x         : [168.97, 65.18, 65.18, 65.18, 65.18, 65.94, 2.89, 2.89, 2.89, 2.89, 2.89, 20.28, 20.28, 20.28, 20.28, 20.28, 1.80, 1.80, 1.80, 1.80, 1.80, 20.28, 20.28, 20.28, 20.28, 20.28, 1.80, 1.80, 1.80, 1.80, 1.80]
  Objective : 75.038

[EVALUATION 104]
  Date/time : 2026-05-20 11:33:31
  x         : [168.97, 65.18, 65.18, 65.18, 65.18, 65.18, 2.92, 2.89, 2.89, 2.89, 2.89, 20.28, 20.28, 20.28, 20.28, 20.28, 1.80, 1.80, 1.80, 1.80, 1.80, 20.28, 20.28, 20.28, 20.28, 20.28, 1.80, 1.80, 1.80, 1.80, 1.80]
  Objective : 75.012

[EVALUATION 105]
  Date/time : 2026-05-20 11:33:37
  x         : [168.97, 65.18, 65.18, 65.18, 65.18, 65.18, 2.89, 2.92, 2.89, 2.89, 2.89, 20.28, 20.28, 20.28, 20.28, 20.28, 1.80, 1.80, 1.80, 1.80, 1.80, 20.28, 20.28, 20.28, 20.28, 20.28, 1.80, 1.80, 1.80, 1.80, 1.80]
  Objective : 75.012

[EVALUATION 106]
  Date/time : 2026-05-20 11:33:43
  x         : [168.97, 65.18, 65.18, 65.18, 65.18, 65.18, 2.89, 2.89, 2.92, 2.89, 2.89, 20.28, 20.28, 20.28, 20.28, 20.28, 1.80, 1.80, 1.80, 1.80, 1.80, 20.28, 20.28, 20.28, 20.28, 20.28, 1.80, 1.80, 1.80, 1.80, 1.80]
  Objective : 75.012

[EVALUATION 107]
  Date/time : 2026-05-20 11:33:48
  x         : [168.97, 65.18, 65.18, 65.18, 65.18, 65.18, 2.89, 2.89, 2.89, 2.92, 2.89, 20.28, 20.28, 20.28, 20.28, 20.28, 1.80, 1.80, 1.80, 1.80, 1.80, 20.28, 20.28, 20.28, 20.28, 20.28, 1.80, 1.80, 1.80, 1.80, 1.80]
  Objective : 75.012

[EVALUATION 108]
  Date/time : 2026-05-20 11:33:54
  x         : [168.97, 65.18, 65.18, 65.18, 65.18, 65.18, 2.89, 2.89, 2.89, 2.89, 2.92, 20.28, 20.28, 20.28, 20.28, 20.28, 1.80, 1.80, 1.80, 1.80, 1.80, 20.28, 20.28, 20.28, 20.28, 20.28, 1.80, 1.80, 1.80, 1.80, 1.80]
  Objective : 75.013

[EVALUATION 109]
  Date/time : 2026-05-20 11:34:00
  x         : [168.97, 65.18, 65.18, 65.18, 65.18, 65.18, 2.89, 2.89, 2.89, 2.89, 2.89, 20.55, 20.28, 20.28, 20.28, 20.28, 1.80, 1.80, 1.80, 1.80, 1.80, 20.28, 20.28, 20.28, 20.28, 20.28, 1.80, 1.80, 1.80, 1.80, 1.80]
  Objective : 74.936

