Optimization Data
 
Start time: 2026-05-18 18:21:15 
 
Solver Options:
Method: Self-Written-slp_mvp 
# acc: 0.001 
# finite_diff_abs_step: [1.057169, 0.47983950000000003, 0.023701, 0.162754, 0.0272065] 
# maxiter: 150 
# Aggregate: None 
# p_value: 8 
# rho_value: 100 
# relaxation: 0 
# move_limit: 0.1 
# backtrack_max: 8 
# feasibility_tol: 1e-05 
# penalty_weight: 1 
Design Variables and Bounds 
# x0 = [211.43, 95.97, 4.74, 32.55, 5.44]
 x[0] (rad) bounds = [150.0, 350.0] 
 x[1] (d0) bounds = [48.3, 108.0] 
 x[2] (t0) bounds = [2.5, 5.0] 
 x[3] (d1) bounds = [25.0, 60.0] 
 x[4] (t1) bounds = [2.0, 6.0] 


iteration,eval_index,objective,x0,x1,x2,x3,x4,g_max,v_agg,c_val,seg_mass1,seg_mass2,seg_mass3,seg_mass4,seg_mass5
0, 1, 240.63, 211.43 ,95.97 ,4.74 ,32.55 ,5.44, NA, NA, NA, 48.128,48.064,48.064,48.064,48.968
1, 2, 241.08, 212.49 ,95.97 ,4.74 ,32.55 ,5.44, NA, NA, NA, 48.219,48.155,48.155,48.155,49.059
1, 3, 241.31, 211.43 ,96.45 ,4.74 ,32.55 ,5.44, NA, NA, NA, 48.264,48.200,48.200,48.200,49.109
1, 4, 241.24, 211.43 ,95.97 ,4.76 ,32.55 ,5.44, NA, NA, NA, 48.251,48.187,48.187,48.187,49.095
1, 5, 241.29, 211.43 ,95.97 ,4.74 ,32.71 ,5.44, NA, NA, NA, 48.261,48.197,48.197,48.197,49.101
1, 6, 241.07, 211.43 ,95.97 ,4.74 ,32.55 ,5.47, NA, NA, NA, 48.216,48.152,48.152,48.152,49.056
1, 7, 219.16, 201.43 ,92.98 ,4.62 ,30.80 ,5.24, NA, NA, NA, 43.834,43.774,43.774,43.774,44.626
2, 8, 219.57, 202.49 ,92.98 ,4.62 ,30.80 ,5.24, NA, NA, NA, 43.916,43.856,43.856,43.856,44.709
2, 9, 219.82, 201.43 ,93.46 ,4.62 ,30.80 ,5.24, NA, NA, NA, 43.967,43.906,43.906,43.906,44.764
2, 10, 219.76, 201.43 ,92.98 ,4.64 ,30.80 ,5.24, NA, NA, NA, 43.953,43.893,43.893,43.893,44.749
2, 11, 219.78, 201.43 ,92.98 ,4.62 ,30.96 ,5.24, NA, NA, NA, 43.957,43.897,43.897,43.897,44.750
2, 12, 219.56, 201.43 ,92.98 ,4.62 ,30.80 ,5.27, NA, NA, NA, 43.914,43.854,43.854,43.854,44.706
2, 13, 197.23, 190.43 ,89.70 ,4.48 ,28.88 ,5.02, NA, NA, NA, 39.447,39.391,39.391,39.391,40.189
3, 14, 197.59, 191.49 ,89.70 ,4.48 ,28.88 ,5.02, NA, NA, NA, 39.520,39.464,39.464,39.464,40.262
3, 15, 197.87, 190.43 ,90.18 ,4.48 ,28.88 ,5.02, NA, NA, NA, 39.576,39.520,39.520,39.520,40.322
3, 16, 197.80, 190.43 ,89.70 ,4.50 ,28.88 ,5.02, NA, NA, NA, 39.562,39.506,39.506,39.506,40.307
3, 17, 197.79, 190.43 ,89.70 ,4.48 ,29.04 ,5.02, NA, NA, NA, 39.560,39.504,39.504,39.504,40.302
3, 18, 197.58, 190.43 ,89.70 ,4.48 ,28.88 ,5.05, NA, NA, NA, 39.518,39.462,39.462,39.462,40.259
3, 19, 175.04, 178.33 ,86.09 ,4.33 ,26.76 ,4.78, NA, NA, NA, 35.011,34.958,34.958,34.958,35.698
4, 20, 175.36, 179.39 ,86.09 ,4.33 ,26.76 ,4.78, NA, NA, NA, 35.074,35.022,35.022,35.022,35.761
4, 21, 175.67, 178.33 ,86.57 ,4.33 ,26.76 ,4.78, NA, NA, NA, 35.135,35.083,35.083,35.083,35.827
4, 22, 175.60, 178.33 ,86.09 ,4.35 ,26.76 ,4.78, NA, NA, NA, 35.121,35.068,35.068,35.068,35.812
4, 23, 175.55, 178.33 ,86.09 ,4.33 ,26.92 ,4.78, NA, NA, NA, 35.113,35.060,35.060,35.060,35.800
4, 24, 175.35, 178.33 ,86.09 ,4.33 ,26.76 ,4.81, NA, NA, NA, 35.072,35.020,35.020,35.020,35.759
4, 25, 154.47, 165.02 ,82.11 ,4.16 ,25.00 ,4.51, NA, NA, NA, 30.895,30.847,30.847,30.847,31.525
5, 26, 154.74, 166.08 ,82.11 ,4.16 ,25.00 ,4.51, NA, NA, NA, 30.950,30.902,30.902,30.902,31.580
5, 27, 155.06, 165.02 ,82.59 ,4.16 ,25.00 ,4.51, NA, NA, NA, 31.015,30.966,30.966,30.966,31.648
5, 28, 154.99, 165.02 ,82.11 ,4.18 ,25.00 ,4.51, NA, NA, NA, 31.000,30.951,30.951,30.951,31.633
5, 29, 154.92, 165.02 ,82.11 ,4.16 ,25.16 ,4.51, NA, NA, NA, 30.986,30.938,30.938,30.938,31.615
5, 30, 154.73, 165.02 ,82.11 ,4.16 ,25.00 ,4.54, NA, NA, NA, 30.948,30.900,30.900,30.900,31.578
5, 31, 138.65, 150.38 ,77.74 ,3.98 ,25.00 ,4.22, NA, NA, NA, 27.731,27.688,27.688,27.688,28.301
6, 32, 138.91, 151.44 ,77.74 ,3.98 ,25.00 ,4.22, NA, NA, NA, 27.783,27.739,27.739,27.739,28.353
6, 33, 139.22, 150.38 ,78.22 ,3.98 ,25.00 ,4.22, NA, NA, NA, 27.846,27.802,27.802,27.802,28.419
6, 34, 139.15, 150.38 ,77.74 ,4.00 ,25.00 ,4.22, NA, NA, NA, 27.831,27.787,27.787,27.787,28.404
6, 35, 139.05, 150.38 ,77.74 ,3.98 ,25.16 ,4.22, NA, NA, NA, 27.811,27.767,27.767,27.767,28.380
6, 36, 138.91, 150.38 ,77.74 ,3.98 ,25.00 ,4.25, NA, NA, NA, 27.783,27.740,27.740,27.740,28.353
6, 37, 125.75, 150.00 ,72.94 ,3.78 ,25.00 ,3.90, NA, NA, NA, 25.151,25.112,25.112,25.112,25.658
7, 38, 125.99, 151.06 ,72.94 ,3.78 ,25.00 ,3.90, NA, NA, NA, 25.199,25.161,25.161,25.161,25.706
7, 39, 126.29, 150.00 ,73.42 ,3.78 ,25.00 ,3.90, NA, NA, NA, 25.260,25.221,25.221,25.221,25.770
7, 40, 126.21, 150.00 ,72.94 ,3.80 ,25.00 ,3.90, NA, NA, NA, 25.244,25.205,25.205,25.205,25.754
7, 41, 126.11, 150.00 ,72.94 ,3.78 ,25.16 ,3.90, NA, NA, NA, 25.224,25.185,25.185,25.185,25.731
7, 42, 126.02, 150.00 ,72.94 ,3.78 ,25.00 ,3.93, NA, NA, NA, 25.205,25.166,25.166,25.166,25.712
7, 43, 112.16, 150.00 ,67.65 ,3.55 ,25.00 ,3.54, NA, NA, NA, 22.434,22.400,22.400,22.400,22.876
8, 44, 112.39, 151.06 ,67.65 ,3.55 ,25.00 ,3.54, NA, NA, NA, 22.479,22.445,22.445,22.445,22.921
8, 45, 112.68, 150.00 ,68.13 ,3.55 ,25.00 ,3.54, NA, NA, NA, 22.536,22.502,22.502,22.502,22.982
8, 46, 112.59, 150.00 ,67.65 ,3.58 ,25.00 ,3.54, NA, NA, NA, 22.520,22.486,22.486,22.486,22.965
8, 47, 112.50, 150.00 ,67.65 ,3.55 ,25.16 ,3.54, NA, NA, NA, 22.500,22.467,22.467,22.467,22.943
8, 48, 112.44, 150.00 ,67.65 ,3.55 ,25.00 ,3.57, NA, NA, NA, 22.490,22.456,22.456,22.456,22.933
8, 49, 100.90, 150.45 ,64.84 ,3.31 ,25.00 ,3.15, NA, NA, NA, 20.182,20.152,20.152,20.152,20.578
9, 50, 101.11, 151.51 ,64.84 ,3.31 ,25.00 ,3.15, NA, NA, NA, 20.222,20.192,20.192,20.192,20.618
9, 51, 101.38, 150.45 ,65.32 ,3.31 ,25.00 ,3.15, NA, NA, NA, 20.277,20.247,20.247,20.247,20.676
9, 52, 101.32, 150.45 ,64.84 ,3.33 ,25.00 ,3.15, NA, NA, NA, 20.265,20.234,20.234,20.234,20.663
9, 53, 101.20, 150.45 ,64.84 ,3.31 ,25.16 ,3.15, NA, NA, NA, 20.241,20.211,20.211,20.211,20.637
9, 54, 101.20, 150.45 ,64.84 ,3.31 ,25.00 ,3.18, NA, NA, NA, 20.241,20.210,20.210,20.210,20.636
9, 55, 96.86, 150.70 ,66.69 ,3.23 ,25.00 ,2.75, NA, NA, NA, 19.373,19.343,19.343,19.343,19.771
10, 56, 97.04, 151.76 ,66.69 ,3.23 ,25.00 ,2.75, NA, NA, NA, 19.409,19.379,19.379,19.379,19.807
10, 57, 97.33, 150.70 ,67.17 ,3.23 ,25.00 ,2.75, NA, NA, NA, 19.466,19.436,19.436,19.436,19.867
10, 58, 97.29, 150.70 ,66.69 ,3.25 ,25.00 ,2.75, NA, NA, NA, 19.459,19.428,19.428,19.428,19.859
10, 59, 97.12, 150.70 ,66.69 ,3.23 ,25.16 ,2.75, NA, NA, NA, 19.425,19.395,19.395,19.395,19.823
10, 60, 97.17, 150.70 ,66.69 ,3.23 ,25.00 ,2.78, NA, NA, NA, 19.434,19.404,19.404,19.404,19.832
10, 61, 91.84, 150.98 ,69.67 ,3.05 ,25.00 ,2.35, NA, NA, NA, 18.370,18.340,18.340,18.340,18.764
11, 62, 92.00, 152.03 ,69.67 ,3.05 ,25.00 ,2.35, NA, NA, NA, 18.401,18.371,18.371,18.371,18.796
11, 63, 92.28, 150.98 ,70.15 ,3.05 ,25.00 ,2.35, NA, NA, NA, 18.458,18.427,18.427,18.427,18.855
11, 64, 92.30, 150.98 ,69.67 ,3.07 ,25.00 ,2.35, NA, NA, NA, 18.460,18.430,18.430,18.430,18.858
11, 65, 92.06, 150.98 ,69.67 ,3.05 ,25.16 ,2.35, NA, NA, NA, 18.414,18.384,18.384,18.384,18.809
11, 66, 92.16, 150.98 ,69.67 ,3.05 ,25.00 ,2.38, NA, NA, NA, 18.433,18.403,18.403,18.403,18.828
11, 67, 87.55, 151.28 ,70.59 ,3.00 ,25.00 ,2.00, NA, NA, NA, 17.512,17.482,17.482,17.482,17.906
12, 68, 87.69, 152.34 ,70.59 ,3.00 ,25.00 ,2.00, NA, NA, NA, 17.539,17.509,17.509,17.509,17.933
12, 69, 87.99, 151.28 ,71.07 ,3.00 ,25.00 ,2.00, NA, NA, NA, 17.598,17.568,17.568,17.568,17.995
12, 70, 88.01, 151.28 ,70.59 ,3.03 ,25.00 ,2.00, NA, NA, NA, 17.604,17.573,17.573,17.573,18.001
12, 71, 87.74, 151.28 ,70.59 ,3.00 ,25.16 ,2.00, NA, NA, NA, 17.550,17.520,17.520,17.520,17.944
12, 72, 87.88, 151.28 ,70.59 ,3.00 ,25.00 ,2.03, NA, NA, NA, 17.578,17.548,17.548,17.548,17.972
12, 73, 87.47, 151.61 ,70.50 ,3.00 ,25.00 ,2.00, NA, NA, NA, 17.494,17.465,17.465,17.465,17.888
13, 74, 87.60, 152.67 ,70.50 ,3.00 ,25.00 ,2.00, NA, NA, NA, 17.522,17.492,17.492,17.492,17.915
13, 75, 87.90, 151.61 ,70.98 ,3.00 ,25.00 ,2.00, NA, NA, NA, 17.581,17.551,17.551,17.551,17.977
13, 76, 87.93, 151.61 ,70.50 ,3.02 ,25.00 ,2.00, NA, NA, NA, 17.586,17.556,17.556,17.556,17.982
13, 77, 87.66, 151.61 ,70.50 ,3.00 ,25.16 ,2.00, NA, NA, NA, 17.532,17.502,17.502,17.502,17.926
13, 78, 87.80, 151.61 ,70.50 ,3.00 ,25.00 ,2.03, NA, NA, NA, 17.561,17.531,17.531,17.531,17.954
13, 79, 87.35, 151.98 ,70.40 ,3.00 ,25.00 ,2.00, NA, NA, NA, 17.471,17.441,17.441,17.441,17.864
14, 80, 87.49, 153.03 ,70.40 ,3.00 ,25.00 ,2.00, NA, NA, NA, 17.498,17.468,17.468,17.468,17.891
14, 81, 87.78, 151.98 ,70.88 ,3.00 ,25.00 ,2.00, NA, NA, NA, 17.558,17.528,17.528,17.528,17.953
14, 82, 87.81, 151.98 ,70.40 ,3.02 ,25.00 ,2.00, NA, NA, NA, 17.563,17.533,17.533,17.533,17.958
14, 83, 87.54, 151.98 ,70.40 ,3.00 ,25.16 ,2.00, NA, NA, NA, 17.509,17.479,17.479,17.479,17.901
14, 84, 87.68, 151.98 ,70.40 ,3.00 ,25.00 ,2.03, NA, NA, NA, 17.538,17.508,17.508,17.508,17.930
14, 85, 87.23, 152.38 ,70.30 ,2.99 ,25.00 ,2.00, NA, NA, NA, 17.446,17.417,17.417,17.417,17.838
15, 86, 87.36, 153.43 ,70.30 ,2.99 ,25.00 ,2.00, NA, NA, NA, 17.474,17.444,17.444,17.444,17.865
15, 87, 87.66, 152.38 ,70.78 ,2.99 ,25.00 ,2.00, NA, NA, NA, 17.533,17.503,17.503,17.503,17.927
15, 88, 87.68, 152.38 ,70.30 ,3.02 ,25.00 ,2.00, NA, NA, NA, 17.538,17.508,17.508,17.508,17.932
15, 89, 87.42, 152.38 ,70.30 ,2.99 ,25.16 ,2.00, NA, NA, NA, 17.484,17.455,17.455,17.455,17.876
15, 90, 87.56, 152.38 ,70.30 ,2.99 ,25.00 ,2.03, NA, NA, NA, 17.513,17.483,17.483,17.483,17.904
15, 91, 87.09, 152.82 ,70.19 ,2.99 ,25.00 ,2.00, NA, NA, NA, 17.419,17.390,17.390,17.390,17.809
16, 92, 87.23, 153.88 ,70.19 ,2.99 ,25.00 ,2.00, NA, NA, NA, 17.446,17.417,17.417,17.417,17.836
16, 93, 87.52, 152.82 ,70.67 ,2.99 ,25.00 ,2.00, NA, NA, NA, 17.505,17.475,17.475,17.475,17.898
16, 94, 87.55, 152.82 ,70.19 ,3.01 ,25.00 ,2.00, NA, NA, NA, 17.511,17.481,17.481,17.481,17.903
16, 95, 87.28, 152.82 ,70.19 ,2.99 ,25.16 ,2.00, NA, NA, NA, 17.457,17.428,17.428,17.428,17.847
16, 96, 87.42, 152.82 ,70.19 ,2.99 ,25.00 ,2.03, NA, NA, NA, 17.486,17.456,17.456,17.456,17.876
16, 97, 86.94, 153.31 ,70.06 ,2.98 ,25.00 ,2.00, NA, NA, NA, 17.389,17.360,17.360,17.360,17.778
17, 98, 87.08, 154.36 ,70.06 ,2.98 ,25.00 ,2.00, NA, NA, NA, 17.416,17.387,17.387,17.387,17.805
17, 99, 87.37, 153.31 ,70.54 ,2.98 ,25.00 ,2.00, NA, NA, NA, 17.475,17.445,17.445,17.445,17.866
17, 100, 87.40, 153.31 ,70.06 ,3.01 ,25.00 ,2.00, NA, NA, NA, 17.480,17.451,17.451,17.451,17.872
17, 101, 87.13, 153.31 ,70.06 ,2.98 ,25.16 ,2.00, NA, NA, NA, 17.427,17.398,17.398,17.398,17.816
17, 102, 87.28, 153.31 ,70.06 ,2.98 ,25.00 ,2.03, NA, NA, NA, 17.456,17.426,17.426,17.426,17.845
17, 103, 86.78, 153.84 ,69.93 ,2.98 ,25.00 ,2.00, NA, NA, NA, 17.357,17.327,17.327,17.327,17.744
18, 104, 86.91, 154.90 ,69.93 ,2.98 ,25.00 ,2.00, NA, NA, NA, 17.384,17.354,17.354,17.354,17.771
18, 105, 87.21, 153.84 ,70.41 ,2.98 ,25.00 ,2.00, NA, NA, NA, 17.442,17.413,17.413,17.413,17.832
18, 106, 87.23, 153.84 ,69.93 ,3.00 ,25.00 ,2.00, NA, NA, NA, 17.448,17.418,17.418,17.418,17.838
18, 107, 86.97, 153.84 ,69.93 ,2.98 ,25.16 ,2.00, NA, NA, NA, 17.395,17.365,17.365,17.365,17.782
18, 108, 87.11, 153.84 ,69.93 ,2.98 ,25.00 ,2.03, NA, NA, NA, 17.424,17.394,17.394,17.394,17.811
18, 109, 86.60, 154.43 ,69.78 ,2.97 ,25.00 ,2.00, NA, NA, NA, 17.321,17.292,17.292,17.292,17.707
19, 110, 86.74, 155.49 ,69.78 ,2.97 ,25.00 ,2.00, NA, NA, NA, 17.348,17.319,17.319,17.319,17.734
19, 111, 87.03, 154.43 ,70.26 ,2.97 ,25.00 ,2.00, NA, NA, NA, 17.407,17.377,17.377,17.377,17.795
19, 112, 87.06, 154.43 ,69.78 ,2.99 ,25.00 ,2.00, NA, NA, NA, 17.412,17.382,17.382,17.382,17.800
19, 113, 86.79, 154.43 ,69.78 ,2.97 ,25.16 ,2.00, NA, NA, NA, 17.360,17.330,17.330,17.330,17.745
19, 114, 86.94, 154.43 ,69.78 ,2.97 ,25.00 ,2.03, NA, NA, NA, 17.388,17.359,17.359,17.359,17.774
19, 115, 86.41, 155.07 ,69.62 ,2.96 ,25.00 ,2.00, NA, NA, NA, 17.282,17.253,17.253,17.253,17.666
20, 116, 86.54, 156.13 ,69.62 ,2.96 ,25.00 ,2.00, NA, NA, NA, 17.309,17.280,17.280,17.280,17.693
20, 117, 86.83, 155.07 ,70.10 ,2.96 ,25.00 ,2.00, NA, NA, NA, 17.368,17.338,17.338,17.338,17.754
20, 118, 86.86, 155.07 ,69.62 ,2.99 ,25.00 ,2.00, NA, NA, NA, 17.373,17.343,17.343,17.343,17.759
20, 119, 86.60, 155.07 ,69.62 ,2.96 ,25.16 ,2.00, NA, NA, NA, 17.321,17.292,17.292,17.292,17.704
20, 120, 86.74, 155.07 ,69.62 ,2.96 ,25.00 ,2.03, NA, NA, NA, 17.350,17.320,17.320,17.320,17.733
20, 121, 86.20, 155.79 ,69.44 ,2.95 ,25.00 ,2.00, NA, NA, NA, 17.240,17.211,17.211,17.211,17.622
21, 122, 86.33, 156.84 ,69.44 ,2.95 ,25.00 ,2.00, NA, NA, NA, 17.268,17.239,17.239,17.239,17.649
21, 123, 86.62, 155.79 ,69.92 ,2.95 ,25.00 ,2.00, NA, NA, NA, 17.326,17.296,17.296,17.296,17.710
21, 124, 86.65, 155.79 ,69.44 ,2.98 ,25.00 ,2.00, NA, NA, NA, 17.331,17.301,17.301,17.301,17.715
21, 125, 86.39, 155.79 ,69.44 ,2.95 ,25.16 ,2.00, NA, NA, NA, 17.279,17.250,17.250,17.250,17.661
21, 126, 86.53, 155.79 ,69.44 ,2.95 ,25.00 ,2.03, NA, NA, NA, 17.308,17.279,17.279,17.279,17.690
21, 127, 85.97, 156.57 ,69.25 ,2.95 ,25.00 ,2.00, NA, NA, NA, 17.195,17.166,17.166,17.166,17.574
22, 128, 86.10, 157.63 ,69.25 ,2.95 ,25.00 ,2.00, NA, NA, NA, 17.222,17.193,17.193,17.193,17.601
22, 129, 86.39, 156.57 ,69.73 ,2.95 ,25.00 ,2.00, NA, NA, NA, 17.280,17.251,17.251,17.251,17.662
22, 130, 86.42, 156.57 ,69.25 ,2.97 ,25.00 ,2.00, NA, NA, NA, 17.285,17.256,17.256,17.256,17.667
22, 131, 86.16, 156.57 ,69.25 ,2.95 ,25.16 ,2.00, NA, NA, NA, 17.233,17.205,17.205,17.205,17.613
22, 132, 86.31, 156.57 ,69.25 ,2.95 ,25.00 ,2.03, NA, NA, NA, 17.263,17.234,17.234,17.234,17.642
22, 133, 85.72, 157.43 ,69.04 ,2.94 ,25.00 ,2.00, NA, NA, NA, 17.145,17.117,17.117,17.117,17.522
23, 134, 85.86, 158.49 ,69.04 ,2.94 ,25.00 ,2.00, NA, NA, NA, 17.172,17.144,17.144,17.144,17.550
23, 135, 86.14, 157.43 ,69.52 ,2.94 ,25.00 ,2.00, NA, NA, NA, 17.230,17.201,17.201,17.201,17.610
23, 136, 86.17, 157.43 ,69.04 ,2.96 ,25.00 ,2.00, NA, NA, NA, 17.235,17.206,17.206,17.206,17.615
23, 137, 85.92, 157.43 ,69.04 ,2.94 ,25.16 ,2.00, NA, NA, NA, 17.184,17.155,17.155,17.155,17.561
23, 138, 86.06, 157.43 ,69.04 ,2.94 ,25.00 ,2.03, NA, NA, NA, 17.213,17.185,17.185,17.185,17.591
23, 139, 85.45, 158.38 ,68.80 ,2.93 ,25.00 ,2.00, NA, NA, NA, 17.091,17.063,17.063,17.063,17.466
24, 140, 85.59, 159.43 ,68.80 ,2.93 ,25.00 ,2.00, NA, NA, NA, 17.119,17.090,17.090,17.090,17.493
24, 141, 85.87, 158.38 ,69.28 ,2.93 ,25.00 ,2.00, NA, NA, NA, 17.176,17.147,17.147,17.147,17.553
24, 142, 85.90, 158.38 ,68.80 ,2.95 ,25.00 ,2.00, NA, NA, NA, 17.181,17.152,17.152,17.152,17.558
24, 143, 85.65, 158.38 ,68.80 ,2.93 ,25.16 ,2.00, NA, NA, NA, 17.130,17.102,17.102,17.102,17.505
24, 144, 85.79, 158.38 ,68.80 ,2.93 ,25.00 ,2.03, NA, NA, NA, 17.160,17.131,17.131,17.131,17.534
24, 145, 85.16, 159.42 ,68.55 ,2.92 ,25.00 ,2.00, NA, NA, NA, 17.033,17.005,17.005,17.005,17.405
25, 146, 85.30, 160.48 ,68.55 ,2.92 ,25.00 ,2.00, NA, NA, NA, 17.061,17.032,17.032,17.032,17.432
25, 147, 85.58, 159.42 ,69.03 ,2.92 ,25.00 ,2.00, NA, NA, NA, 17.117,17.089,17.089,17.089,17.492
25, 148, 85.61, 159.42 ,68.55 ,2.94 ,25.00 ,2.00, NA, NA, NA, 17.122,17.094,17.094,17.094,17.497
25, 149, 85.36, 159.42 ,68.55 ,2.92 ,25.16 ,2.00, NA, NA, NA, 17.072,17.044,17.044,17.044,17.444
25, 150, 85.50, 159.42 ,68.55 ,2.92 ,25.00 ,2.03, NA, NA, NA, 17.102,17.074,17.074,17.074,17.474
25, 151, 84.85, 160.56 ,68.28 ,2.91 ,25.00 ,2.00, NA, NA, NA, 16.970,16.942,16.942,16.942,17.339
26, 152, 84.98, 161.62 ,68.28 ,2.91 ,25.00 ,2.00, NA, NA, NA, 16.998,16.970,16.970,16.970,17.367
26, 153, 85.27, 160.56 ,68.76 ,2.91 ,25.00 ,2.00, NA, NA, NA, 17.054,17.026,17.026,17.026,17.426
26, 154, 85.29, 160.56 ,68.28 ,2.93 ,25.00 ,2.00, NA, NA, NA, 17.059,17.031,17.031,17.031,17.431
26, 155, 85.04, 160.56 ,68.28 ,2.91 ,25.16 ,2.00, NA, NA, NA, 17.010,16.982,16.982,16.982,17.379
26, 156, 85.19, 160.56 ,68.28 ,2.91 ,25.00 ,2.03, NA, NA, NA, 17.040,17.011,17.011,17.011,17.408
26, 157, 84.51, 161.82 ,67.98 ,2.89 ,25.00 ,2.00, NA, NA, NA, 16.903,16.875,16.875,16.875,17.269
27, 158, 84.65, 162.88 ,67.98 ,2.89 ,25.00 ,2.00, NA, NA, NA, 16.930,16.903,16.903,16.903,17.296
27, 159, 84.93, 161.82 ,68.46 ,2.89 ,25.00 ,2.00, NA, NA, NA, 16.986,16.958,16.958,16.958,17.355
27, 160, 84.95, 161.82 ,67.98 ,2.92 ,25.00 ,2.00, NA, NA, NA, 16.992,16.963,16.963,16.963,17.360
27, 161, 84.71, 161.82 ,67.98 ,2.89 ,25.16 ,2.00, NA, NA, NA, 16.943,16.915,16.915,16.915,17.308
27, 162, 84.86, 161.82 ,67.98 ,2.89 ,25.00 ,2.03, NA, NA, NA, 16.973,16.945,16.945,16.945,17.338
27, 163, 84.15, 163.21 ,67.65 ,2.88 ,25.00 ,2.00, NA, NA, NA, 16.830,16.802,16.802,16.802,17.192
28, 164, 84.28, 164.27 ,67.65 ,2.88 ,25.00 ,2.00, NA, NA, NA, 16.857,16.830,16.830,16.830,17.220
28, 165, 84.56, 163.21 ,68.13 ,2.88 ,25.00 ,2.00, NA, NA, NA, 16.913,16.885,16.885,16.885,17.278
28, 166, 84.59, 163.21 ,67.65 ,2.90 ,25.00 ,2.00, NA, NA, NA, 16.918,16.890,16.890,16.890,17.283
28, 167, 84.34, 163.21 ,67.65 ,2.88 ,25.16 ,2.00, NA, NA, NA, 16.870,16.842,16.842,16.842,17.232
28, 168, 84.49, 163.21 ,67.65 ,2.88 ,25.00 ,2.03, NA, NA, NA, 16.900,16.872,16.872,16.872,17.262
28, 169, 83.76, 164.74 ,67.29 ,2.86 ,25.00 ,2.00, NA, NA, NA, 16.752,16.725,16.725,16.725,17.110
29, 170, 83.89, 165.79 ,67.29 ,2.86 ,25.00 ,2.00, NA, NA, NA, 16.779,16.752,16.752,16.752,17.138
29, 171, 84.17, 164.74 ,67.77 ,2.86 ,25.00 ,2.00, NA, NA, NA, 16.834,16.807,16.807,16.807,17.195
29, 172, 84.19, 164.74 ,67.29 ,2.89 ,25.00 ,2.00, NA, NA, NA, 16.840,16.812,16.812,16.812,17.201
29, 173, 83.96, 164.74 ,67.29 ,2.86 ,25.16 ,2.00, NA, NA, NA, 16.792,16.765,16.765,16.765,17.151
29, 174, 84.11, 164.74 ,67.29 ,2.86 ,25.00 ,2.03, NA, NA, NA, 16.822,16.795,16.795,16.795,17.181
29, 175, 83.34, 166.41 ,66.90 ,2.85 ,25.00 ,2.00, NA, NA, NA, 16.668,16.641,16.641,16.641,17.022
30, 176, 83.47, 167.47 ,66.90 ,2.85 ,25.00 ,2.00, NA, NA, NA, 16.696,16.669,16.669,16.669,17.050
30, 177, 83.75, 166.41 ,67.38 ,2.85 ,25.00 ,2.00, NA, NA, NA, 16.750,16.723,16.723,16.723,17.107
30, 178, 83.77, 166.41 ,66.90 ,2.87 ,25.00 ,2.00, NA, NA, NA, 16.755,16.728,16.728,16.728,17.112
30, 179, 83.54, 166.41 ,66.90 ,2.85 ,25.16 ,2.00, NA, NA, NA, 16.709,16.682,16.682,16.682,17.063
30, 180, 83.69, 166.41 ,66.90 ,2.85 ,25.00 ,2.03, NA, NA, NA, 16.739,16.712,16.712,16.712,17.093
30, 181, 82.89, 168.26 ,66.48 ,2.83 ,25.00 ,2.00, NA, NA, NA, 16.579,16.552,16.552,16.552,16.929
31, 182, 83.03, 169.32 ,66.48 ,2.83 ,25.00 ,2.00, NA, NA, NA, 16.607,16.580,16.580,16.580,16.956
31, 183, 83.30, 168.26 ,66.96 ,2.83 ,25.00 ,2.00, NA, NA, NA, 16.661,16.634,16.634,16.634,17.013
31, 184, 83.32, 168.26 ,66.48 ,2.85 ,25.00 ,2.00, NA, NA, NA, 16.666,16.639,16.639,16.639,17.018
31, 185, 83.10, 168.26 ,66.48 ,2.83 ,25.16 ,2.00, NA, NA, NA, 16.620,16.593,16.593,16.593,16.970
31, 186, 83.25, 168.26 ,66.48 ,2.83 ,25.00 ,2.03, NA, NA, NA, 16.651,16.624,16.624,16.624,17.000
31, 187, 82.42, 170.29 ,66.03 ,2.81 ,25.00 ,2.00, NA, NA, NA, 16.484,16.458,16.458,16.458,16.829
32, 188, 82.56, 171.35 ,66.03 ,2.81 ,25.00 ,2.00, NA, NA, NA, 16.512,16.486,16.486,16.486,16.857
32, 189, 82.82, 170.29 ,66.51 ,2.81 ,25.00 ,2.00, NA, NA, NA, 16.565,16.539,16.539,16.539,16.913
32, 190, 82.85, 170.29 ,66.03 ,2.83 ,25.00 ,2.00, NA, NA, NA, 16.570,16.544,16.544,16.544,16.918
32, 191, 82.62, 170.29 ,66.03 ,2.81 ,25.16 ,2.00, NA, NA, NA, 16.526,16.499,16.499,16.499,16.871
32, 192, 82.78, 170.29 ,66.03 ,2.81 ,25.00 ,2.03, NA, NA, NA, 16.557,16.530,16.530,16.530,16.902
32, 193, 81.92, 172.52 ,65.54 ,2.79 ,25.00 ,2.00, NA, NA, NA, 16.384,16.358,16.358,16.358,16.724
33, 194, 82.05, 173.58 ,65.54 ,2.79 ,25.00 ,2.00, NA, NA, NA, 16.412,16.386,16.386,16.386,16.752
33, 195, 82.32, 172.52 ,66.02 ,2.79 ,25.00 ,2.00, NA, NA, NA, 16.464,16.438,16.438,16.438,16.807
33, 196, 82.34, 172.52 ,65.54 ,2.81 ,25.00 ,2.00, NA, NA, NA, 16.469,16.443,16.443,16.443,16.812
33, 197, 82.12, 172.52 ,65.54 ,2.79 ,25.16 ,2.00, NA, NA, NA, 16.426,16.400,16.400,16.400,16.766
33, 198, 82.28, 172.52 ,65.54 ,2.79 ,25.00 ,2.03, NA, NA, NA, 16.457,16.431,16.431,16.431,16.797
33, 199, 81.38, 174.98 ,65.00 ,2.77 ,25.00 ,2.00, NA, NA, NA, 16.278,16.252,16.252,16.252,16.612
34, 200, 81.52, 176.04 ,65.00 ,2.77 ,25.00 ,2.00, NA, NA, NA, 16.305,16.280,16.280,16.280,16.640
34, 201, 81.78, 174.98 ,65.48 ,2.77 ,25.00 ,2.00, NA, NA, NA, 16.357,16.332,16.332,16.332,16.694
34, 202, 81.81, 174.98 ,65.00 ,2.79 ,25.00 ,2.00, NA, NA, NA, 16.362,16.337,16.337,16.337,16.699
34, 203, 81.59, 174.98 ,65.00 ,2.77 ,25.16 ,2.00, NA, NA, NA, 16.320,16.294,16.294,16.294,16.654
34, 204, 81.75, 174.98 ,65.00 ,2.77 ,25.00 ,2.03, NA, NA, NA, 16.352,16.326,16.326,16.326,16.686
34, 205, 80.83, 177.68 ,64.43 ,2.74 ,25.00 ,2.00, NA, NA, NA, 16.167,16.142,16.142,16.142,16.495
35, 206, 80.97, 178.74 ,64.43 ,2.74 ,25.00 ,2.00, NA, NA, NA, 16.195,16.170,16.170,16.170,16.523
35, 207, 81.23, 177.68 ,64.91 ,2.74 ,25.00 ,2.00, NA, NA, NA, 16.246,16.221,16.221,16.221,16.577
35, 208, 81.25, 177.68 ,64.43 ,2.77 ,25.00 ,2.00, NA, NA, NA, 16.251,16.226,16.226,16.226,16.582
35, 209, 81.04, 177.68 ,64.43 ,2.74 ,25.16 ,2.00, NA, NA, NA, 16.210,16.185,16.185,16.185,16.538
35, 210, 81.20, 177.68 ,64.43 ,2.74 ,25.00 ,2.03, NA, NA, NA, 16.242,16.217,16.217,16.217,16.570
35, 211, 80.25, 180.65 ,63.81 ,2.72 ,25.00 ,2.00, NA, NA, NA, 16.051,16.026,16.026,16.026,16.373
36, 212, 80.39, 181.71 ,63.81 ,2.72 ,25.00 ,2.00, NA, NA, NA, 16.079,16.054,16.054,16.054,16.401
36, 213, 80.64, 180.65 ,64.29 ,2.72 ,25.00 ,2.00, NA, NA, NA, 16.129,16.105,16.105,16.105,16.454
36, 214, 80.67, 180.65 ,63.81 ,2.74 ,25.00 ,2.00, NA, NA, NA, 16.134,16.109,16.109,16.109,16.459
36, 215, 80.47, 180.65 ,63.81 ,2.72 ,25.16 ,2.00, NA, NA, NA, 16.094,16.070,16.070,16.070,16.416
36, 216, 80.63, 180.65 ,63.81 ,2.72 ,25.00 ,2.03, NA, NA, NA, 16.127,16.102,16.102,16.102,16.449
36, 217, 79.65, 183.92 ,63.14 ,2.69 ,25.00 ,2.00, NA, NA, NA, 15.931,15.907,15.907,15.907,16.246
37, 218, 79.79, 184.98 ,63.14 ,2.69 ,25.00 ,2.00, NA, NA, NA, 15.959,15.935,15.935,15.935,16.274
37, 219, 80.04, 183.92 ,63.62 ,2.69 ,25.00 ,2.00, NA, NA, NA, 16.008,15.984,15.984,15.984,16.326
37, 220, 80.06, 183.92 ,63.14 ,2.71 ,25.00 ,2.00, NA, NA, NA, 16.013,15.989,15.989,15.989,16.331
37, 221, 79.87, 183.92 ,63.14 ,2.69 ,25.16 ,2.00, NA, NA, NA, 15.975,15.951,15.951,15.951,16.290
37, 222, 80.03, 183.92 ,63.14 ,2.69 ,25.00 ,2.03, NA, NA, NA, 16.007,15.983,15.983,15.983,16.323
37, 223, 79.03, 187.52 ,62.43 ,2.66 ,25.00 ,2.00, NA, NA, NA, 15.807,15.784,15.784,15.784,16.116
38, 224, 79.17, 188.58 ,62.43 ,2.66 ,25.00 ,2.00, NA, NA, NA, 15.835,15.812,15.812,15.812,16.144
38, 225, 79.41, 187.52 ,62.91 ,2.66 ,25.00 ,2.00, NA, NA, NA, 15.884,15.860,15.860,15.860,16.195
38, 226, 79.44, 187.52 ,62.43 ,2.68 ,25.00 ,2.00, NA, NA, NA, 15.888,15.865,15.865,15.865,16.199
38, 227, 79.25, 187.52 ,62.43 ,2.66 ,25.16 ,2.00, NA, NA, NA, 15.852,15.828,15.828,15.828,16.160
38, 228, 79.42, 187.52 ,62.43 ,2.66 ,25.00 ,2.03, NA, NA, NA, 15.885,15.862,15.862,15.862,16.193
38, 229, 78.40, 191.47 ,61.67 ,2.62 ,25.00 ,2.00, NA, NA, NA, 15.682,15.659,15.659,15.659,15.983
39, 230, 78.54, 192.53 ,61.67 ,2.62 ,25.00 ,2.00, NA, NA, NA, 15.710,15.687,15.687,15.687,16.011
39, 231, 78.78, 191.47 ,62.15 ,2.62 ,25.00 ,2.00, NA, NA, NA, 15.757,15.734,15.734,15.734,16.061
39, 232, 78.80, 191.47 ,61.67 ,2.65 ,25.00 ,2.00, NA, NA, NA, 15.762,15.739,15.739,15.739,16.065
39, 233, 78.63, 191.47 ,61.67 ,2.62 ,25.16 ,2.00, NA, NA, NA, 15.727,15.704,15.704,15.704,16.028
39, 234, 78.80, 191.47 ,61.67 ,2.62 ,25.00 ,2.03, NA, NA, NA, 15.761,15.738,15.738,15.738,16.062
39, 235, 77.77, 195.83 ,60.87 ,2.59 ,25.00 ,2.00, NA, NA, NA, 15.555,15.533,15.533,15.533,15.849
40, 236, 77.91, 196.88 ,60.87 ,2.59 ,25.00 ,2.00, NA, NA, NA, 15.583,15.561,15.561,15.561,15.877
40, 237, 78.15, 195.83 ,61.35 ,2.59 ,25.00 ,2.00, NA, NA, NA, 15.630,15.607,15.607,15.607,15.926
40, 238, 78.17, 195.83 ,60.87 ,2.61 ,25.00 ,2.00, NA, NA, NA, 15.635,15.612,15.612,15.612,15.930
40, 239, 78.00, 195.83 ,60.87 ,2.59 ,25.16 ,2.00, NA, NA, NA, 15.601,15.579,15.579,15.579,15.894
40, 240, 78.18, 195.83 ,60.87 ,2.59 ,25.00 ,2.03, NA, NA, NA, 15.636,15.614,15.614,15.614,15.929
40, 241, 77.14, 200.61 ,60.01 ,2.55 ,25.00 ,2.00, NA, NA, NA, 15.429,15.407,15.407,15.407,15.714
41, 242, 77.28, 201.67 ,60.01 ,2.55 ,25.00 ,2.00, NA, NA, NA, 15.457,15.435,15.435,15.435,15.742
41, 243, 77.51, 200.61 ,60.49 ,2.55 ,25.00 ,2.00, NA, NA, NA, 15.502,15.481,15.481,15.481,15.790
41, 244, 77.53, 200.61 ,60.01 ,2.58 ,25.00 ,2.00, NA, NA, NA, 15.507,15.485,15.485,15.485,15.794
41, 245, 77.38, 200.61 ,60.01 ,2.55 ,25.16 ,2.00, NA, NA, NA, 15.476,15.454,15.454,15.454,15.761
41, 246, 77.55, 200.61 ,60.01 ,2.55 ,25.00 ,2.03, NA, NA, NA, 15.511,15.489,15.489,15.489,15.796
41, 247, 76.56, 205.88 ,59.13 ,2.52 ,25.00 ,2.00, NA, NA, NA, 15.313,15.292,15.292,15.292,15.590
42, 248, 76.70, 206.94 ,59.13 ,2.52 ,25.00 ,2.00, NA, NA, NA, 15.341,15.320,15.320,15.320,15.618
42, 249, 76.92, 205.88 ,59.61 ,2.52 ,25.00 ,2.00, NA, NA, NA, 15.385,15.364,15.364,15.364,15.664
42, 250, 76.95, 205.88 ,59.13 ,2.54 ,25.00 ,2.00, NA, NA, NA, 15.390,15.369,15.369,15.369,15.669
42, 251, 76.80, 205.88 ,59.13 ,2.52 ,25.16 ,2.00, NA, NA, NA, 15.361,15.340,15.340,15.340,15.637
42, 252, 76.98, 205.88 ,59.13 ,2.52 ,25.00 ,2.03, NA, NA, NA, 15.397,15.376,15.376,15.376,15.673
42, 253, 76.06, 211.67 ,57.76 ,2.50 ,25.00 ,2.00, NA, NA, NA, 15.213,15.193,15.193,15.193,15.481
43, 254, 76.20, 212.73 ,57.76 ,2.50 ,25.00 ,2.00, NA, NA, NA, 15.242,15.221,15.221,15.221,15.510
43, 255, 76.42, 211.67 ,58.24 ,2.50 ,25.00 ,2.00, NA, NA, NA, 15.285,15.265,15.265,15.265,15.556
43, 256, 76.44, 211.67 ,57.76 ,2.52 ,25.00 ,2.00, NA, NA, NA, 15.288,15.268,15.268,15.268,15.559
43, 257, 76.31, 211.67 ,57.76 ,2.50 ,25.16 ,2.00, NA, NA, NA, 15.262,15.242,15.242,15.242,15.530
43, 258, 76.49, 211.67 ,57.76 ,2.50 ,25.00 ,2.03, NA, NA, NA, 15.299,15.279,15.279,15.279,15.567
43, 259, 75.62, 218.04 ,56.03 ,2.50 ,25.00 ,2.00, NA, NA, NA, 15.125,15.105,15.105,15.105,15.385
44, 260, 75.76, 219.10 ,56.03 ,2.50 ,25.00 ,2.00, NA, NA, NA, 15.153,15.134,15.134,15.134,15.413
44, 261, 75.98, 218.04 ,56.51 ,2.50 ,25.00 ,2.00, NA, NA, NA, 15.197,15.177,15.177,15.177,15.459
44, 262, 75.98, 218.04 ,56.03 ,2.52 ,25.00 ,2.00, NA, NA, NA, 15.197,15.177,15.177,15.177,15.460
44, 263, 75.87, 218.04 ,56.03 ,2.50 ,25.16 ,2.00, NA, NA, NA, 15.175,15.155,15.155,15.155,15.435
44, 264, 76.06, 218.04 ,56.03 ,2.50 ,25.00 ,2.03, NA, NA, NA, 15.213,15.193,15.193,15.193,15.473
44, 265, 75.25, 225.05 ,54.27 ,2.50 ,25.00 ,2.00, NA, NA, NA, 15.050,15.031,15.031,15.031,15.301
45, 266, 75.39, 226.11 ,54.27 ,2.50 ,25.00 ,2.00, NA, NA, NA, 15.078,15.059,15.059,15.059,15.330
45, 267, 75.61, 225.05 ,54.75 ,2.50 ,25.00 ,2.00, NA, NA, NA, 15.122,15.102,15.102,15.102,15.375
45, 268, 75.60, 225.05 ,54.27 ,2.52 ,25.00 ,2.00, NA, NA, NA, 15.120,15.100,15.100,15.100,15.373
45, 269, 75.50, 225.05 ,54.27 ,2.50 ,25.16 ,2.00, NA, NA, NA, 15.101,15.082,15.082,15.082,15.353
45, 270, 75.70, 225.05 ,54.27 ,2.50 ,25.00 ,2.03, NA, NA, NA, 15.140,15.121,15.121,15.121,15.391
45, 271, 74.96, 232.76 ,52.49 ,2.50 ,25.00 ,2.00, NA, NA, NA, 14.992,14.974,14.974,14.974,15.235
46, 272, 75.10, 233.82 ,52.49 ,2.50 ,25.00 ,2.00, NA, NA, NA, 15.021,15.002,15.002,15.002,15.264
46, 273, 75.32, 232.76 ,52.97 ,2.50 ,25.00 ,2.00, NA, NA, NA, 15.064,15.045,15.045,15.045,15.309
46, 274, 75.29, 232.76 ,52.49 ,2.52 ,25.00 ,2.00, NA, NA, NA, 15.060,15.041,15.041,15.041,15.304
46, 275, 75.22, 232.76 ,52.49 ,2.50 ,25.16 ,2.00, NA, NA, NA, 15.045,15.027,15.027,15.027,15.288
46, 276, 75.42, 232.76 ,52.49 ,2.50 ,25.00 ,2.03, NA, NA, NA, 15.085,15.066,15.066,15.066,15.328
46, 277, 74.78, 241.24 ,50.70 ,2.50 ,25.00 ,2.00, NA, NA, NA, 14.956,14.938,14.938,14.938,15.190
47, 278, 74.92, 242.30 ,50.70 ,2.50 ,25.00 ,2.00, NA, NA, NA, 14.985,14.967,14.967,14.967,15.219
47, 279, 75.14, 241.24 ,51.18 ,2.50 ,25.00 ,2.00, NA, NA, NA, 15.028,15.010,15.010,15.010,15.264
47, 280, 75.10, 241.24 ,50.70 ,2.52 ,25.00 ,2.00, NA, NA, NA, 15.021,15.003,15.003,15.003,15.257
47, 281, 75.05, 241.24 ,50.70 ,2.50 ,25.16 ,2.00, NA, NA, NA, 15.011,14.993,14.993,14.993,15.245
47, 282, 75.26, 241.24 ,50.70 ,2.50 ,25.00 ,2.03, NA, NA, NA, 15.052,15.034,15.034,15.034,15.286
47, 283, 74.75, 250.57 ,48.97 ,2.50 ,25.00 ,2.00, NA, NA, NA, 14.951,14.934,14.934,14.934,15.177
48, 284, 74.90, 251.62 ,48.97 ,2.50 ,25.00 ,2.00, NA, NA, NA, 14.980,14.963,14.963,14.963,15.206
48, 285, 75.11, 250.57 ,49.45 ,2.50 ,25.00 ,2.00, NA, NA, NA, 15.023,15.006,15.006,15.006,15.251
48, 286, 75.07, 250.57 ,48.97 ,2.52 ,25.00 ,2.00, NA, NA, NA, 15.014,14.997,14.997,14.997,15.242
48, 287, 75.04, 250.57 ,48.97 ,2.50 ,25.16 ,2.00, NA, NA, NA, 15.008,14.991,14.991,14.991,15.233
48, 288, 75.25, 250.57 ,48.97 ,2.50 ,25.00 ,2.03, NA, NA, NA, 15.050,15.033,15.033,15.033,15.276
48, 289, 74.78, 240.31 ,50.88 ,2.50 ,25.00 ,2.00, NA, NA, NA, 14.957,14.939,14.939,14.939,15.192
49, 290, 74.92, 241.36 ,50.88 ,2.50 ,25.00 ,2.00, NA, NA, NA, 14.986,14.968,14.968,14.968,15.221
49, 291, 75.14, 240.31 ,51.36 ,2.50 ,25.00 ,2.00, NA, NA, NA, 15.029,15.011,15.011,15.011,15.266
49, 292, 75.11, 240.31 ,50.88 ,2.52 ,25.00 ,2.00, NA, NA, NA, 15.022,15.004,15.004,15.004,15.259
49, 293, 75.05, 240.31 ,50.88 ,2.50 ,25.16 ,2.00, NA, NA, NA, 15.011,14.993,14.993,14.993,15.246
49, 294, 75.26, 240.31 ,50.88 ,2.50 ,25.00 ,2.03, NA, NA, NA, 15.052,15.034,15.034,15.034,15.287
49, 295, 74.79, 245.44 ,49.95 ,2.50 ,25.00 ,2.00, NA, NA, NA, 14.959,14.941,14.941,14.941,15.189
50, 296, 74.93, 246.49 ,49.95 ,2.50 ,25.00 ,2.00, NA, NA, NA, 14.987,14.970,14.970,14.970,15.218
50, 297, 75.15, 245.44 ,50.43 ,2.50 ,25.00 ,2.00, NA, NA, NA, 15.031,15.013,15.013,15.013,15.263
50, 298, 75.11, 245.44 ,49.95 ,2.52 ,25.00 ,2.00, NA, NA, NA, 15.022,15.005,15.005,15.005,15.255
50, 299, 75.07, 245.44 ,49.95 ,2.50 ,25.16 ,2.00, NA, NA, NA, 15.014,14.996,14.996,14.996,15.244
50, 300, 75.28, 245.44 ,49.95 ,2.50 ,25.00 ,2.03, NA, NA, NA, 15.056,15.038,15.038,15.038,15.286
50, 301, 74.81, 248.00 ,49.51 ,2.50 ,25.00 ,2.00, NA, NA, NA, 14.962,14.945,14.945,14.945,15.191
51, 302, 74.95, 249.06 ,49.51 ,2.50 ,25.00 ,2.00, NA, NA, NA, 14.991,14.974,14.974,14.974,15.220
51, 303, 75.17, 248.00 ,49.99 ,2.50 ,25.00 ,2.00, NA, NA, NA, 15.034,15.017,15.017,15.017,15.265
51, 304, 75.12, 248.00 ,49.51 ,2.52 ,25.00 ,2.00, NA, NA, NA, 15.026,15.008,15.008,15.008,15.256
51, 305, 75.09, 248.00 ,49.51 ,2.50 ,25.16 ,2.00, NA, NA, NA, 15.018,15.001,15.001,15.001,15.246
51, 306, 75.30, 248.00 ,49.51 ,2.50 ,25.00 ,2.03, NA, NA, NA, 15.060,15.043,15.043,15.043,15.289
51, 307, 74.81, 246.91 ,49.72 ,2.50 ,25.00 ,2.00, NA, NA, NA, 14.963,14.946,14.946,14.946,15.192
52, 308, 74.96, 247.97 ,49.72 ,2.50 ,25.00 ,2.00, NA, NA, NA, 14.992,14.975,14.975,14.975,15.221
52, 309, 75.17, 246.91 ,50.20 ,2.50 ,25.00 ,2.00, NA, NA, NA, 15.035,15.017,15.017,15.017,15.267
52, 310, 75.13, 246.91 ,49.72 ,2.52 ,25.00 ,2.00, NA, NA, NA, 15.027,15.009,15.009,15.009,15.258
52, 311, 75.09, 246.91 ,49.72 ,2.50 ,25.16 ,2.00, NA, NA, NA, 15.019,15.001,15.001,15.001,15.248
52, 312, 75.30, 246.91 ,49.72 ,2.50 ,25.00 ,2.03, NA, NA, NA, 15.061,15.043,15.043,15.043,15.290
52, 313, 74.81, 246.92 ,49.71 ,2.50 ,25.00 ,2.00, NA, NA, NA, 14.963,14.946,14.946,14.946,15.192
